7d391cb4-1bf9-4ebf-c871-75a9e3fd4ba2
f319785e-4749-7a82-2b1f-ea75bcde0688
42ec4e45-a3ec-1e91-8c4e-c7dbf6de918e
aef8ba67-e5c1-4ef8-830a-909ce57627bf
8d118f25-33e3-4d04-ff63-8257c089f419
aef3d875-84b6-fad8-1cfa-92626f289804
efc56f98-c2a9-ea09-e704-dbc82efeab85
b70cb0fa-ce33-b115-5fac-c3f67e53d641
9d34ec09-d832-7b0e-f5f2-3042f579d0d9
3cfd1167-85b9-caae-7318-5f51d35faa41
dd36c24d-d212-aa94-c0d0-257420e2df25
a2be070c-d478-24bc-65ac-bc7b5724d1b3
b383706c-ab90-9650-9d26-bda1b44f8c7a
9992738d-cccf-2bb4-ea9b-d0cd11bac0ae
a32df068-33ef-af4f-e485-f2d0cada8a72
ae446d8d-68cc-d846-4cb7-f0c6dfb8106a
50cfc636-aa01-d80a-35c4-dbf32d0e03e3
3aab134b-7f6d-594a-e363-a0ff17ff1273
20576cb4-ede4-6398-5498-89f88c61cf42
9266c38a-f8c4-9f5c-618b-f2bbbed14438
aa965fe6-5f55-0531-16ad-7b3944fca073
3a6abf36-25dc-6a06-fb57-207a731d65fa
ef534e17-b329-157e-3747-4f52cd7d56f8
8cdcbd44-4f17-c293-c861-44e737fe29c8
e1e5623c-de99-f5d9-6171-ae55237b2405
2a857f72-5216-b9a7-1341-a87f2241d004
4c21479c-a73b-2b11-eedd-21e806bd2604
20607992-b7b5-7429-f1bf-cf640522be06
b8ff4078-5ec7-5f9b-d58c-5630d0ca8f66
b5a2b74d-fadc-5ee6-8e6f-5f9a8e172f1c
ca601794-c914-6111-d7dd-c9e8e107a823
3f7f1d17-e04c-e73e-1460-b26c9bb76d92
6a15a694-5268-de8a-acf1-490134298e7c
a6bb7672-6207-ea04-831f-59fcb8bccdf1
3a10b368-074a-2484-e22d-fc7c1a9e3cf8
c531f305-b10f-d174-bf85-78da29d745bf
17eed15c-6788-b1d6-54bf-9bc754456097
9a421160-a898-e25c-751e-e478035ba9e0
92e41f35-407e-d7d1-3f21-3a7ee92ab639
64465183-dc6f-1346-41a5-165663635d1c
c615bef9-26a9-294e-62fa-bb944e8878e6
4a4bdf37-837a-5303-b18b-d5ba81ef4af7
a501fae6-f43d-7d9c-4928-9b1b47a6f631
5d7f327e-b11c-d9e6-221c-9ee2ecb8eae9
6125bd94-fba5-e00c-ae4f-594c32d6c681
7485f6e0-3ab8-48c4-dd58-a8021d358eaa
c4d06073-860e-1764-2bf5-fb160708fbe5
791c81f6-49f2-bb2c-8a72-239bfa952ba9
520b3e9c-3e0b-796e-eff0-146c075b2679
3e8c4173-f493-97ce-4ce3-78fd7ef57f2d
0527f86d-ad5d-8c05-a553-847d63823ae9
95d13158-9bb0-f583-fa0f-011381908818
3cbda2b1-4670-25f4-ea6b-db4412c97b95
30f3e54b-603a-ad38-58d6-8b800aaf9f3a
7a3888aa-347c-d90f-b268-bf46e1963699
f6736fe9-03a4-4a98-c137-3c3e65983e0f
297458ae-df96-e777-add4-23562ec369db
46dbb122-7879-6166-478d-0dce029ba659
dde84032-081f-6836-f40f-656e0222b3b0
3b034f3a-ebc0-6938-cfc5-e823a70b4578
2043f6e5-dac7-9fc9-dcf3-96bb30918cb5
ddf1b5d1-41fc-abfa-cbb6-e75faeb91f44
cce5adf8-41be-8a71-b684-b26a8e75cfa8
5ac64187-f13c-8fd5-c894-e784301a97e3
1339ee83-919d-32d2-568e-acfc64eebf00
3362d4e7-5eb2-ccb2-f38f-f6e8cbeaf93b
1b974ba2-83eb-c4b3-03c0-64e9649647db
32795ccc-c8ed-b96d-8d9b-ef21917e0a76
e9be60dd-e2f2-c35a-0eb4-c1c70ad86951
6647520c-d4f6-bba8-e527-e8f96d048aa2
f70c5079-c365-3256-8ae0-d7915008f7e8
5bcdc26e-b4c8-f82c-f648-f9b2eee36976
7c74cc4c-eaec-51dc-c85a-15221c9f234d
f93a8fd9-4853-05e1-0b01-01e32fa4e451
ec19f9e7-95f3-3109-5a9d-c6f4fe7090fe
5d14b947-0588-cf20-671e-564629b54456
feb58a75-501f-5996-ef96-24c61a041489
1b81380d-10c4-3149-e065-94ba0cb36f1a
5a0fe1e6-7e7f-d8a4-b48c-7c620b8ee1d5
0a66df15-9107-d84e-9de3-849fd6807590
dc0f6bb7-fd6e-2df6-b782-3bc021601129
0e59d155-d945-94af-ebdb-4cf99d356f3b
de39f6c7-06ca-178b-f424-d75261e1f44f
05810b05-918e-36d5-572b-2c205ada3938
0e427018-a2cb-2d49-d3b4-b58081b85b02
204eb729-5f47-bd36-6ee4-72e979b0c1e8
cb8800c1-7e44-fb77-77d6-0385d480ab66
f6f17239-1d40-cb48-9e3b-5f9de03fe5c9
7a65b6e0-d92a-2c3e-128d-1ffa6e7d2ca1
a1ce7ce0-3ccc-f1fa-2e3e-8f11cdf669fa
6a51bc66-3b16-2572-79c7-a1489aea9db1
