b30d2cf5-5aca-3241-ce80-d0baa25ff791
a777c9a7-b940-711c-5c5b-33153d2046c4
7f36aa5b-b50d-cc7f-a7a4-f21e3e64c373
462e506b-892d-9f98-cda8-052803cf318b
4d52e32a-8d7a-718a-fe6a-29fec88520f0
6da317ee-e542-6036-3d92-eab4d8602172
f117a67d-067e-b39a-071a-0fac636ae241
113dfe6d-5216-fc57-e8f0-0be5dd317d95
da12ccc9-43af-818d-a96f-d9c266165c41
37b4b49c-42c5-d44f-48fb-a2e27cd08373
