ce913298-12a4-456a-e958-aabad2dbeba5
0d1f9328-b412-9e67-9e6a-8d4c5f03dd3d
bc3f35a0-be07-89f7-135b-c87b4452f0b9
615a4b76-42a7-f0fd-e3a0-8a1baa05bcb9
ec56932a-d689-5a1d-a817-6e0cf9c4d9a1
1b932fee-4e3a-4d03-50b9-8e49e98fdc8b
904de7f0-c4ed-71ae-36a5-a0d836d2254b
1f65a43f-1b54-a434-ac48-3c91a4e9a9a1
bf0546bb-b224-b9e9-df9e-486db6c816ca
8d57a4b8-fa16-c9c2-51d8-af07896d6ad0
5f046f62-7937-6b4d-4ef8-42d78fcb387d
f876dfbc-9350-360f-a235-900926ff1c27
17a4c34f-a272-a3ca-14a8-4b95ea72509e
21f30d9c-1716-a0d2-bd00-3d314ef01575
4313424a-afaa-686e-f78b-df925903adf9
ae138c17-080c-774f-7de1-72969f1c498c
00d2f893-4f2a-2447-f94e-e7980247133c
e06c745a-5640-bc21-35d2-076201c57c30
adacc7a9-471b-0cfb-1865-f931056bd424
29e402e6-7289-f461-f3eb-7f758f011936
f0c9194a-c72a-baab-a1ab-64266f9dda68
36a8c03d-3046-a77a-48f4-83ca03ce131e
79368124-865b-4f2d-a39d-105e9b75e9af
7578c340-9154-6a05-a7a5-bdf8ceefe459
525bcef9-2aad-f2bb-059c-1926d8b419bf
4ecf5035-3660-7337-0702-d11819f62f3e
3083db0d-770a-a47f-7bcb-40806754f0e1
ca8c3d5c-3a9b-42cc-3ab7-c9c369c34625
cc542cf3-de26-16ca-77d7-dea7e676ef6f
48a5e276-0b7a-eafc-a196-ce54c4ced0fb
b41bc682-1993-a833-74ea-4682dcc478c9
d73fefeb-1e86-ce67-0c26-d6612640a6ed
2c162381-1752-ba64-4080-133527bb5fac
05b18929-9d01-c7f0-b597-1687633b5bb1
bc56f7dc-7c44-ed09-82e5-d0b01071915d
5bf62c6a-7e11-0643-78ce-497c90cdaf9b
82055599-135c-ecc4-ca44-e1faf501b57e
e44001b9-9431-edad-9b48-9652b3d4e8f0
19dcd505-c8f5-12e9-8116-191d3e75a126
133bb453-5104-5bab-4d4e-74583e52f05f
9df01f60-fcc2-467d-ce31-772c7f7edabf
e1e0e6fb-f2f4-ee9d-fbf6-1f7b09347793
5a96dd4c-a0e0-1274-587f-3a9a1bc3214f
d6f5e7c7-041b-c2ee-df54-528aee18411a
910de51d-3cf9-a87b-dc62-061c559952d2
b8e3ece0-dfde-b2a3-c34c-6760d512ca81
50e358f6-e9b6-68c5-6fc3-521785bc94a7
0526cff3-397e-b108-405a-7a37c690c109
a72e3c1e-7217-b951-ab19-2a3d543aa98a
a54b0afb-8344-1346-457c-3da560144c22
8fb7a29c-f12c-d6d9-ef09-867562968a4e
372b6cc2-7e4a-bddf-37a0-c3343dcb7169
a9f83205-0598-96bf-ad42-fb57ce4c56b9
4e51b5d0-b66c-0bb6-7d3a-7b921d729b6c
cc680ae2-16d7-45bd-a7fe-831b5af258bd
a23b4e6a-268f-2d1d-22b4-0578fd2967c9
8fb3e361-2ffa-1775-c6ff-13ee6ec61ac6
26a26b4f-2642-7e1b-007b-3a002ed628c9
1adda590-0a97-0caa-23ec-92c283c544fa
59a66995-ac73-430f-3352-8ffe6174dcb7
cf6da7e4-eefc-95ed-a92f-ac62a3546b77
40828c17-e7fb-c0e0-b9d9-c3e7e204ee84
7c0bb3db-172b-6fa4-0de0-8e40120ef115
6a260cd4-a564-aa66-1f71-438727b94f9c
5abc885f-014c-d21d-50c4-e2313299e5ae
7d2c70d0-0778-06a0-8838-7a9a6c79fb12
48f242b6-ab48-8d58-98d8-f9f3fb47c059
7f99b92a-d12e-6080-fba2-4f260d8bb699
e4543766-a847-f2cb-ec2b-e21ba66f5724
6dc2e202-1c3a-f125-28c4-59f9e671a0ff
db4ce7e2-5bd0-ce5e-ee5f-932936980d19
52449d04-e628-9229-9f7a-3da3618ca690
25cff286-1aea-48ad-4880-18a123b34914
c1b491b8-4be9-127f-7c89-10e9b6593fc3
9325c075-98a1-4a14-3ee0-2a0e4b6614ce
0c5eec9e-3b99-3a59-14e2-0d33eba03058
d2dde87b-92ed-7250-f563-04f254f44547
53489f57-5db5-670d-d0e2-7a8ad664202c
de1776b6-c02e-83af-823f-25b9e9f44cc5
d10caef3-051a-cb0b-d7d1-2f78037022fa
87f30a9f-2354-b132-eba6-1fa3b5100292
3354c46b-b339-3713-db84-637ebc2c89f5
f44db3a9-68e1-2a51-71a9-ed56d37680f8
