c60ad5d3-452c-46bd-e696-330fa063633d
9362789e-a414-0341-9f56-37281db2e346
e525f7d1-73e0-e49b-65ed-e5e5a9152c0c
bd7915de-d437-7a55-32de-822a2b7c18c3
fe64b434-c828-d128-788d-ce8f6f73dff6
e43d1565-186e-504d-c0fc-913afa1efa2e
0dafb82e-21b9-c06a-cd7d-6faac4ffe8c0
8e65c813-5ea9-44b2-8cd3-1a22c17692b8
c0471341-7f9a-edce-85a5-0d1516a7761c
9c82dfed-8c5b-cded-8d37-d1851825e413
ca2f3fbd-731e-0887-81ab-fa754e2bb208
a7d49ac6-0d8b-1ce6-6314-263de437a820
12620222-ae39-bb7b-fbbc-e8d8ec6a3ef8
52a714fc-d809-4d2f-2ea8-8cf7ffe33972
26fe3625-63a1-4ac0-262e-fa417864ce07
308d7ca7-aefd-9f48-673e-41fd047fb2fd
7b96e4bb-ef4b-c108-7157-8c4dd671cd36
6b2c4e55-8aa8-4fe3-8ba8-11730c197134
