91e26517-5cef-79f0-bdca-9f557a18af27
29573065-cf99-8213-c666-7985d9ee812b
6e9e6d16-0215-fab4-c992-92c9dd9d6200
09a52f73-9770-1465-e927-cfe972677761
adeb4d46-8dd4-9065-b193-cde8896d5f29
0cf9b0a0-93b2-8e8c-357a-ceee45174b99
9a084b58-37b9-c20f-aa19-cfc47ce88886
0644ada7-b208-881c-fff7-ac69e3adfebf
9964848f-19a2-2564-fe55-37c655e5170b
d2750c58-ec6b-f505-a1ad-e29b53206f40
8bfc62a9-90e0-87eb-cabf-c66c7cc5bd38
b3fe8586-c999-5337-bed3-2a57f4f19305
b9749e4c-de68-9c69-a19a-d962829c4ca3
676b3a48-e6d9-ca72-037c-b682e927a3f3
b35be01d-3d14-15d4-4a5b-31bbd557c0bc
e49b27bb-17fc-af53-309d-87a1b5a549ea
ee45f15d-1171-d555-67f4-fe62f475633b
93914cac-9760-7d41-ac54-2945137d3e40
0d644288-d5b8-64cc-177e-c8bacd09d6b4
3ad5cfc6-ed4b-6c64-214f-3ebcb48a499f
908acfdc-3d5b-53e5-374c-a7b626ed07a3
a65a7ca9-37bd-89d3-11da-2f307b02cf9c
98c392c8-f553-593f-a2a7-6d0ec6119534
bdce9f1f-f7c3-a91d-d360-8f644a9647b4
d96d9266-08af-d2f1-ef07-4bd2aa61bcb0
