3f32a1fd-f994-5e78-6508-52a524e9c4a9
2f2db381-272c-41f0-e39f-fb288b9372aa
bd821020-3a36-fa08-488a-a2697dd50937
9a5f9dfb-76f4-70fd-793f-14cf11e55e85
88eda52a-2ae6-66dd-4006-ce1090f50956
93375b17-a34b-071f-0a31-2211f4c3a557
de3eaaca-cf70-8074-0627-4c69e762c848
da06792f-26e2-33f8-2dcb-152044c629bf
be73bdce-90e2-f3ed-0087-ca92d6d48573
e8027e34-a2ae-c18d-d18c-3ab8e3350a45
e7cd6a59-b04d-4c5f-0f0d-7c5445be9043
2db18709-9de3-1c5c-5277-0d8211959d76
7fbccd9e-b473-3ba4-0802-d0fcca733906
7be84cf1-0018-5bf8-aa54-626597664985
12d3dc1b-9d70-5a86-0db4-81a4be90bd57
d8443a88-e4f1-76b7-b8be-73b2c7c0301b
9b638956-ab42-ba1a-9ae4-94b78d76f210
d8a0e848-5410-5545-c32c-e16f904307cd
babbff3c-a0c5-8a51-7518-617af74b0e2b
4e6e73ef-8f9c-86e2-6739-07406255edea
5c0723ed-fe01-8dd1-862d-0fa7738e58ef
b3999139-4dd1-bfa4-f27c-5e225c188eed
6c284290-3ae8-4d77-ca47-dab85f21b146
09916d89-6b2d-17df-7115-32535d24ee9b
8b4e35bf-881a-3df4-e609-21ba157f3c78
41c9412c-d34f-3341-20c8-06afecefd35d
6bbfbfb7-57b5-194c-728c-17fa0031a65e
30fd2ce7-2e78-7c4f-bdad-fb0b09917444
4d4e4cce-86e9-3ff8-44f7-1da196136c33
7464fe6d-f855-af6f-a5eb-e22d2a7fa126
318adf31-f63b-4f73-8336-0a4e043d89af
3f51f2ac-a491-a449-0566-8899bbeb7322
