10731a05-2481-80a6-c9df-4351be589b1e
c39f7dfb-4810-5b4c-fc1a-d632c11b9f14
896dc6bf-8d25-1a1e-4855-3899f8f0f1cc
9ace74b5-3b87-9dc3-5704-eaa3d20196f8
42f26430-0ff6-ecf9-7248-8839e4b12ffe
1894dfb4-2b74-5286-deb6-0f738fc2ff45
1807f842-7118-7a6f-62c1-d773a4387478
049d39c0-44d5-5c4c-84e6-67376137e363
37dbd862-8ad9-ed1f-000c-e9cfedcbc092
ebec80ef-48d4-36ac-9398-b8ad76d787f0
82bd459d-746e-e061-0799-091f9e1ee719
e9c7eb50-4224-63b2-1dbe-965a5437c119
800dbe95-74d3-bd7a-bf7f-a06f0a959021
7e4a9130-89a0-0218-2baa-adb19ccaa2fb
620e2f3a-71de-37ff-2d7a-3ca10b817677
fcb71087-b066-b1ac-3e6f-cf285afafa7d
61bbc070-69a5-2259-1090-9bc042988c99
ec68835f-459e-055d-3cde-ed6d04024006
9ecf3e03-c16f-2f74-6667-4007ecb1b310
d4984a3e-2d1e-6031-ae6f-5d21f8fd99b0
97eac4d8-baaf-c87c-e234-90f7c33cb360
