446cfbd0-9275-7303-ce95-f89c60d29f04
e21192a2-b311-8803-361c-d03c5805da59
a61e09f2-c1bd-e002-a3e8-996193d0223c
067fc7f2-f387-77c8-ede1-75b58119591c
17aa1f32-65dc-bf5a-3019-03edf87878cf
319924ff-31ea-f443-0a8c-597d78ce63d0
3a13f9e5-a1fc-a899-6eed-23d5c9333ee1
4a3791c8-4733-7f21-5198-0bfd434bfefb
c4c350bc-371f-0877-e3ff-44b94c0297f6
0d6417c9-c3d8-6865-839f-a798aadb433f
6934ca47-9022-59eb-5cc4-650e8048698b
8998f78c-26b1-62e1-3660-8573a7ac14b7
4eb2a3e6-41dd-3b5a-5846-832162e622b8
c98397ad-148a-ba0d-4ea4-18135d4d2438
26642846-2e76-3146-3c34-aeadd22756e3
91705eff-984e-c381-b23c-646e611f4938
67c363ab-f7f9-74e1-fc82-040923c63b77
04e51f46-ad7f-dcb7-3bd7-2c3832da85bc
e4492899-f05a-5d32-6856-bce7cc976183
f41d2393-c47a-d53b-27d2-a90e76b92fef
c01b1818-0d6e-cfa2-b1b3-a0388f7d8973
ceaf66e6-2659-834d-45a7-2fa6c8e83a18
a45c5ca1-31f2-d83f-f8c4-4a236df1e447
ef810c26-72a1-861c-2fdf-e8d18b9f48b7
b43bb9fb-4566-4881-154b-593b3db9057d
b0f4b218-7aac-0485-f73a-76839dc38cee
cb55b20e-ca88-5df9-9d9a-325eaa0c3497
9ae8861b-1975-fcdc-ae1a-d418d3cb0a44
25dacf92-9fb6-673b-e68c-358937905c23
61478325-a66d-e4ae-ac43-67b5958c9ba1
5530416e-0af0-ce98-63ce-9d6fd5f9dce0
