45993d5e-a215-9a8c-cfcd-53e169e5063c
77e9085f-56b3-c19a-bdbd-c7c176ce8b18
a1a65d17-1402-274f-e991-702d7ca5a9e1
c2d0072e-acc2-d3e0-8d07-f1390986483e
af91045c-a34f-615d-1f2a-bf0332219031
520aeb1b-5bff-16a0-e585-76ac1c9d57e8
93ebf6fc-d310-8d75-2f6e-4a0236b06f45
56baea52-9305-e994-f8ee-c6c5c3b46126
6e02e685-651f-3819-6bfa-e5c1d995ba44
16dc1f4e-fb7e-6e06-d3b8-36f9cd2f1df6
d3e25d60-c756-0609-ec47-79a6433683b4
b1ea1141-0b59-d975-c278-4b24de254ca3
0cfb6def-e09d-8c2c-6bc1-4b47234a9ae5
ff3894be-50a1-6f4c-c166-cfbc0cbcae9a
89dd3f42-a07a-d2dc-0f78-9feb797c0065
1b1f504e-fb12-7e80-36f2-f69bd138574e
4bfe6433-c7e8-0df0-3031-91d938f1ada5
ca9242dd-48fd-f96e-7d0a-23fec03fde81
fe1963ae-fc10-784b-bc8f-4acd688fd381
b48dbae1-9269-07ab-c5a4-2360288cc79a
c2c65fb4-6cbf-61f4-f726-6fa58ab85b64
2e31536c-951e-5503-347a-cfa5f0135471
ca2f814a-7683-7cd2-31e4-01a14be8bee8
07fae301-08b8-538c-82dc-012d86bfdcd1
fc8675d8-0741-c5c3-fe46-fb6f0544290d
df12f3c7-4a50-7346-7651-895089d1dae4
682b68a5-f378-a12c-6cce-2d475baac7fc
c99a6c6e-cf20-743d-07ba-dd04503d1c65
886c645e-2dd8-7813-ea4f-7dd7f268ef21
4a58ce10-f44d-7136-5390-b10b28933eb1
fb0e9d52-00cc-1fcb-7dcb-cd3714936955
9020dd3d-ca6a-37b9-2852-66b955033ea6
4d823925-9410-744b-5d22-69aa8ddfd7bb
219c40ae-f0b3-d24f-010c-c4cc30706b17
07f321e4-0039-ec9d-9804-43c7c51c910f
12d4fe4b-b930-4dd4-b786-3c5d3f150476
f81876f5-cd0d-2817-9ccc-a144f235cd75
1b9d8f50-1031-eb8d-7cdb-ac9a46c26632
298618c8-cf78-018f-ecd7-3055901d1939
7cd03a1d-1913-c028-550c-1e8c9ea4b5bc
16c75224-a4c1-d537-bb62-48fdff73e033
6447cdba-e602-5fd0-2a22-ed14043b995e
aa8a0d87-4d9d-e2db-e9c5-cf9f21cef4da
38085ae1-88b2-6a8f-a5bb-2ccb8c3cdd35
c6ff99a1-cf57-2d27-af24-bab3fa7d72be
5036ddd8-538d-2ac1-2b65-437e647adcd6
fbc6b913-381b-4fc8-4aba-474f0671a540
1b3dd419-7601-fcd2-dac4-54d88d18b221
