1408cf1f-7240-b17a-86d5-acade9b4509b
16f5944e-4e02-44e6-5a86-ce9dd6fd4836
29d1a549-418a-6ce4-bf13-e9e3c91675ec
3163b133-5ea2-e684-9b17-7873b5f2d0ab
31ae088a-f4a8-0d55-c952-09385fab1456
45e18f99-f2d2-b4a7-e90e-37cca1b1c9db
4a2d62d9-b412-658d-9950-2ab2d9b58c0b
56c92627-dbe3-6c2a-8939-342d96ffaefb
6319892d-b4fa-171c-c538-69b10ec28ab8
6b2ea887-12c9-b4dd-ae63-b60b45b8789e
bd1877c1-1bab-9e9c-574c-cd139e2876bf
c3d87cfe-53db-aaeb-d35f-f8c1bbdd39ec
c66993d5-326f-88ed-c15a-7b0c90c6db5a
cf608aed-56d4-4854-4b5e-0e4a594256fb
cfa01141-374f-dcb1-d3ae-8c3423974cf6
db286ed7-f4e1-c716-692e-4f0ac3ed238c
e621e3ee-de69-0823-3516-2e39519bb6d5
