4ce70a4d-4f56-7d6a-4e09-cead2a030bb2
d688ed9f-a845-cdae-3932-7f6a4b93aa0e
9ba144ce-7e7d-8bac-966a-2bcfeecc34bb
d9455abf-322d-89e9-ed17-9c4e8bd3f3c7
8a16ee90-fddc-f8d5-8661-c5e846a32ef5
e92ae43f-75c2-576e-f4e7-6f7a6bdde962
b7888e5e-428e-f2e0-c292-a74fa4bc8825
78d95428-fa36-5bdc-b2b3-67e36ae0de7d
4e557d50-9b70-fd9a-be5e-12f9cb951380
75dda364-c3f3-454b-86d8-1dec9d7be666
a354f726-76aa-0262-3b74-fd15a26a223a
c52f76dd-80ce-5ff5-7120-0cab2ba41e7f
8df915be-8d2f-5623-ef3f-145751facd47
99d3d4ab-a1b9-48dc-8f4e-b845a3eaac0f
567d8c59-32c7-237d-2796-834a4a5cde02
