9175fdca-da9f-2cb2-a18b-135fe7fe4f52
0d6244cb-8eec-b34b-551b-0608543d0727
b869ca60-7cc0-45eb-7b10-b91935b57e4a
016029b5-6e22-6d1e-1138-a79504a56bf0
e476ab0b-9ae0-aa6b-7950-64b5686faccd
072295a5-7345-34fa-1a15-749499cad50f
c6bceed6-d53d-fd7c-ee89-74d0e0b5df2f
e3400fb4-0df3-a9ee-5693-d047ba042e4a
35f3618b-2e96-ddb4-e9c8-c28844c65d28
69e273fa-2c3b-320a-f1eb-6782d0e16b8e
b436c88c-0f4d-2b16-2a56-ac9816409055
1d59e5f6-698b-77f5-77cf-3d54466317f0
42c9e7d4-d38e-f7ca-e2eb-dda7d1909db7
