095449ac-0352-b8d4-467a-580197da5530
082f6920-376a-fdad-eebd-c55d6f73a3fa
a36f5e7b-2fa9-bf4a-ea99-8eb53921ac8f
306322f1-b3eb-5419-c973-76f13ccbc044
b8d0fb6d-12aa-2632-7e3a-6bf422e7561d
46037585-fbbb-e4ac-8a5a-32b4538a4c62
29dc41b6-6018-bb00-dfe9-31729fb3f71b
58e1c3b7-67fd-accc-efc3-380143f65884
f2e471d0-7c0f-b973-8cf3-68175c02a591
9df07610-042f-7843-e108-3f41bab14c02
6db7468e-5f04-e2ae-ea0f-59ec69a15c34
03370825-262f-026b-74c4-368a5a3df134
