893b28a9-0009-f108-9d01-450be697ee4b
eb292a9b-f27e-5ecc-3d65-e3dceb3e6f9c
658fab0d-9b61-8735-3886-5ce2c03fd708
0ca5a5a0-4d8b-f6f7-6d61-e5a75e4882f2
14e58023-7135-119c-51d6-25084986bed7
0fb4a81e-8365-c58c-2dd1-2f4161999722
020a4328-95ff-1f75-d951-7720df322be8
0a4b2bf7-3436-80a2-fc6b-399372d002e4
8c799d25-9b3d-c1b4-22cf-0df7a089e561
c49a4b8b-fc91-f4a4-a294-c2f4c4886d44
f1535b92-eed4-f12f-f8d6-12666e0357cd
17081eae-47ae-2826-8acc-7d4c67f7c59c
1b16e46d-f44b-9ffb-ce2f-ac0d68bde12b
b6ac1c70-1dc4-830d-d352-2777d8809b44
a7c1194d-ec0e-5c62-7cc6-a2669371c642
d8c9861f-67d0-3435-da4f-ddd0b4dc2624
b127e4c8-0d5c-4934-f75e-dbd9fb2082ed
e3fe23dc-d7e7-ab56-093a-c76345da7150
9ba5aa5e-fe88-6ebc-f18e-e0b35ff07a55
815c76b9-f56d-1433-78b4-190c05ffd793
83283576-007e-348e-e901-9dd46f8a9d5e
7d56fc41-237c-9f54-a29e-d55a33afad75
f0473c1a-13ef-62ce-2cd0-dd1704dd937f
6b5e6ec6-4f06-8a79-3b9b-d55550ef3163
