de5b7e3b-5dbc-5364-0d13-776a5a65f260
6bd8c821-8232-bd6a-80be-6bdd1446350c
6de02aee-f24a-528c-6ad1-4dffd4497a14
3653c07e-341e-3017-8605-0caa337d4921
83cb061f-68c9-464e-84d9-07fc70116cc3
ced9f363-3dd2-ed9a-2c9a-f3b7f282e270
9e696fa9-8060-3428-1e4e-8251bef85b98
911d0833-982d-3042-9f04-430fa40891cc
cf775cf0-a183-12e4-6bd0-e3e575228873
72a5cf08-f116-63d7-f940-a09e476a380e
295330a9-e2b8-b587-5751-379cd7b3b0b7
4bc092e1-afa2-4fc1-fb3f-3c8e38cd6d30
0c517506-d030-a1cd-2e99-4d5b6c898025
2094226e-db7b-5224-3750-3576cca2f876
9015952f-9c66-a99a-248b-ca2af6c4a42b
d918dd44-de5d-3c78-5715-42971945de61
dc87c0c8-ebac-2846-e311-13836bdd64c7
1bff855f-e6c2-388c-6e0f-835c373cc743
31c45567-a53a-2fac-7cb6-390e3f649a7c
95a02d30-f3b3-07d2-3b50-74a86f58cffd
86e3174d-10b2-e7f1-1ea3-56b2f5b4f80b
d6223bdd-60ef-591c-be96-80026bf13432
bb67028e-2ce2-b857-c926-f7c350862182
cbce627f-babd-906f-2328-6785d6a20e5b
365bf00e-f9d6-ef1a-9b9e-6b0156918f25
775b423b-df58-c54e-117c-643b39cf4719
eae31976-9e8b-d2de-573d-380bfdda73f5
eff91ba2-f981-05bc-9858-2b0175975c93
d5f59707-b091-0c89-e880-1d954677ad9f
75c27963-d8a9-75e4-0acf-827b25fe88ab
bade0708-0c33-c989-421c-fe61a45eb94a
a067f4b9-ed19-61e2-a4fd-a6dbc4b797b1
3fa3d67f-61ff-516b-4ebd-02ab7347d0ab
4643a2bb-7b0b-e614-1568-5ad92bb5a03a
a8f21438-cb2d-ecf3-4105-8cc8ad68499b
2acb2003-a112-a813-40a5-737cbafcb115
49e32690-51fa-20dc-c885-18f63075135e
8831764f-eb01-5b87-ee5a-827a4db5a0d8
d355914f-a511-607f-e751-c90a32b14896
b30dc9d2-3cdf-2a62-56b7-8523ddaea4ea
d150dad6-ca30-fe00-eb40-1cfa1cf41a92
8d6df3b1-fd3f-32f5-7cf0-072e164a5df8
45eee1f4-b464-ce2b-faad-0f313ba0cf86
f3920b27-0a5c-4d2a-476c-4c89c7bdbfa5
5dbde84f-796e-ba9c-88c8-ded91e890ebe
e37f85e8-a5bf-40d1-93d9-e30ded745840
b44b174d-f118-7040-fec3-4316ee136b33
124eb232-6954-dbdd-be53-eb06b80b6e20
9078ce2e-0fa8-3d4e-677f-d8f6b29863f3
85f266d6-a02d-c1df-cebc-1bb314598698
5e5509db-66b9-59ce-6a53-b2e15b70c02b
7204c9a0-e589-3b5e-e824-29084884d9a9
c7186292-98c1-aa85-9aaf-4e22b6c984d7
ca0d0adc-5406-a626-e01f-fd5560ac3d62
80ef2f9a-6097-38f4-d11d-ee15f939388e
e442f6b3-2b67-7c25-78da-7a67e2be565a
e4a0099c-1e46-db5d-443b-ff0720b191cb
0dd857f0-2e3e-1924-41ed-a8aeea1819a4
8307d7d5-0ab5-d01a-e4f0-2e7054de6732
cf077dd7-16e0-0eec-09f3-3d8788bd50e6
1569c10e-2c41-775d-be1d-38d33fa3cfa5
9b88369a-d3c9-a0a8-9660-95a9d014bd53
9df8d119-efb6-7e15-2788-d2fbc8ce428a
b0970561-e6a1-d42b-d808-3faee9806776
5f1421ae-a2dd-a466-e2eb-e7924ba318e9
bd95e30e-7a24-0366-affb-44dea9103c8d
f068d4f8-5ac8-0a1f-aa9a-75ccfd9e2925
f9689b93-4a25-a3be-c398-f9ad07610f2e
c6f8971d-3547-80aa-f013-962ab1a5c9d6
1f446705-2986-60f5-c599-29ac03446b6c
deed694c-dd5c-afd3-6576-328388d6ae9d
b9f69cef-d751-54c8-df06-73fe3ed2fb4b
7d63910d-deb7-f8d0-d538-7a9f39ce3aa2
a77e009e-4712-b59b-c7a9-8c477a1adc7c
c3f8a595-243f-fd61-3a59-5c07c4a8c217
cec546a7-3489-5928-f4d9-4a125b0b9f22
17310e4b-0a80-3a42-8d47-408334864c1f
d030fd38-849d-e641-305b-6e3f4753563a
a129f6a3-5288-6ced-97e6-c8b1019bac70
381a5851-5021-b598-e350-dec22fa8277c
76ab2aa8-b1c4-0a2e-87fc-0b3eaf69c33b
d036ba00-0c7a-cb04-01dc-a4dda3e2c3d8
12a5e94c-2048-5e43-7c32-5311de7a20c3
53a39a51-84c8-cc03-eadb-5d7695d512c7
7ca9d5a9-7c8f-8a88-b26c-2997e4d99b38
d946b5c2-e6db-da4d-a5c9-4f56574e0f42
efa98063-5031-8fba-ee1d-1abb95d39ba7
d6790704-a989-6abf-7799-753ba9488cf9
2c52c51e-ec47-c8a0-bf9c-d2fbca4ec192
2d7b6789-ff7e-8458-3fa2-4487b982ce22
a6621acc-63b0-85b3-efa1-16a476b32e7a
37dc4e1d-dd1a-4c41-b1f1-81ec9be8b722
df16e38c-d775-70d1-dd48-44adf7d9d359
a1b0ccdf-20c9-2245-3a14-e6dda26ec5b1
c51e291a-a8e5-6f8e-8f51-19203e37a9b9
710640cb-91d7-609d-6f91-54b1f636b88b
afb14dc4-6ec9-85fa-d5ac-33e67d9f3b01
a43b5aeb-b281-443a-66ec-e8cee4387521
9c4213aa-6275-cc4b-1aa4-4b6483bfc5ea
3b5e5d3c-1aa5-66c9-ee78-9932fbc8a5a6
b7193024-c0b4-1b64-9b1b-14e2d448ef3f
2eabf709-0294-e29f-1aa9-ece2ae837847
445b84e0-77a9-dc4c-147a-4c62ed3a1dd5
2ba6fd00-e7fe-4bb2-6ee5-644ceb624f63
b12faf16-daa3-17f3-c21d-dcf7c427d555
48ce42a4-485b-15a7-d5a6-716138ee4397
82b1a699-b019-d5f5-829e-89c8225454e1
e0ff6d1c-dc21-9306-cdb8-9f9a76cb4ee7
18b3ddcb-0a24-8b0c-8476-c39635e4a234
2282ceb0-7099-13b2-3056-1d89b4bb9ab0
a31efa02-2f32-9080-3c6c-508f8dbbddab
a2f7985e-9eea-e765-2428-804a42d43900
493e4c6c-f927-8b6e-56fe-05e913951fd4
421e7adc-8222-0a02-8394-0ad29f6e869a
d37dc421-d845-ad57-8955-31a6752e2a05
b29a00e5-fde2-0ce8-e1b7-0c0a70014b89
6c79a80b-5991-76fd-768d-5db2f4a10d14
dbf80830-e248-7c76-af41-ef5d58e31903
721274b2-05cc-4eed-e698-7d9b01bbdc08
fc2a76e0-60a4-152d-4e4c-706207cc0421
38885d61-eeac-44ae-5472-b22684d3b0a1
bcd8b996-0d66-6c32-f5a8-5f2ed19877b1
c118f1d6-2390-48b6-e915-dccdf482ef67
a69a25e8-ca72-1546-04cf-6bf9c52b16f7
6680daa2-1526-a246-cae5-c99c9bb8108f
689ecdf5-1393-14c8-f6d5-bb7c0bfdc96d
d55a003a-1e50-67b5-2f60-6d8e31ed761a
716fca61-edec-4e3b-073b-8ea8fd3d3f46
e09db30a-42ce-8ea5-d5cb-37fbb6473be9
3bf13304-2275-f448-9803-77d717fa965c
32062da0-3e19-2761-b9c5-9f440624ec1c
8427f5ad-381e-439e-908c-59c6be4bdcab
14fe3008-4acd-9368-8ea8-6c9c9f256f3f
c074c19c-9b42-30f8-7ce6-589ca8d33e32
49a830f7-49ff-533f-b0b1-9dde3bb4c043
a45f7a59-388f-a447-28f1-c7be88c50fe3
38a2ac0c-68e4-a075-94da-5e263a7dfa09
25cba2a7-ba34-dc29-3ff5-a6949ffb90d4
6fa3e7cb-90f2-e5f4-4e04-cd875df9d533
22e89bef-0d38-7858-8a04-d8d35c0b20cb
5af3966e-677a-e371-c078-6697099fbd26
7802e856-67d9-0550-13f2-b6fed5120b30
0763a775-f75e-afd4-5611-db504baf8382
8c7d9c09-3bf5-7e17-2b93-d93af877b07e
309bd4f5-2520-2155-ea96-d2b25be6f5aa
837f034b-3534-e15e-12a6-916015637bf5
ce755e16-0b1e-743a-9522-839ee6520a30
ba19de41-2ddc-efb4-28d4-19c76b09f85e
158d7985-69ac-82bd-a6e2-b8dd0cbad8c0
ed126cc6-3cb6-ac15-5743-38bc987daf25
d31ed4bd-70b1-1ac1-232e-6982a983ff3f
7c77da2d-3681-329d-2672-1796f7479e3d
c8c0b698-404e-b172-3639-f8938247091a
273c46ff-1712-ba1c-39f0-9ab3caf8fe18
a3aef9d6-25fc-79bc-33d1-e336a224b155
79bb0ac8-ccc9-5302-f54f-78879df15ef6
35dc1870-10e6-3204-d725-f268aa74f1a4
839cc8b8-c2ea-94d5-af3d-42cf41fa5115
d4a2b2c5-133c-3bc2-2417-89fb8443be8e
92de03bc-07b5-3ccb-4400-f92150431f9a
6ec1642f-8280-d741-90bf-809f255b52f3
03cb213f-4e19-547c-27f7-b0c2dc8f4442
b4b60383-c304-46cb-d02d-af6145edc209
30634d9a-f5c0-c0b3-88f1-379d6e4f3756
41779833-0234-259a-29bc-80309ebf6b22
ca3b17cc-4ec6-f49b-9dea-7cfd646429d0
0021bd53-223d-4dba-7d31-37c836aa8710
26251171-ecde-870c-a2d0-94e84775dfcd
16b5ac10-37bb-b74a-dd8d-e59e8666b965
a241a81c-5e49-f285-1829-aed117e9cf8e
0181df20-c7c8-f41a-b099-e538529934f7
a6a1d593-16fa-2b1a-d71e-fec7fe882797
a8f106e8-76bd-8d7c-7192-e4cb83bfc0b7
631327dc-e285-a0db-8ace-b7c08d3ce86c
47f0f311-1a02-0fb7-d066-b96952dea165
962781a2-1521-9adc-076c-b005111664d8
b3fc1d12-3b16-3d6c-786f-e1ae8f7da028
389eb7a3-7bc1-f95e-3472-7d8ce8085a7d
09bd3d9e-9e80-eb7e-980c-e58cc3d5ec86
8f9c97c3-c4ab-9695-89ed-cd5580025704
9530a770-9200-cf76-b307-7140513fdea1
cc8de6f9-e33e-b83b-1b61-2ce135b812e4
de878d95-d4b9-1c75-37d8-da61ba0388df
1756a36e-7f71-314d-de35-5a4db7424a61
e46ff96d-53bc-67f4-36d6-db545e289bd6
a949cb97-3522-eda9-9539-4cfcec789665
b6675eaf-49d3-c53a-3d48-09c863e952ea
c9466969-5dc4-c6b5-3f15-98d01981843c
e35f24c3-2ffa-8306-b40d-574dd459dbca
421795d8-ddfc-86b2-2873-05fee9d80d89
5a8d99a7-28a3-49d7-19fa-65ef9d679844
ce94d069-3061-c4bb-6043-2eb7166f9fe0
ad2706c1-891c-978f-4dbb-ff82a11678d8
5f160100-c4c9-1643-255e-d840e6c5cd28
09b24352-3d85-e65b-7ea3-0db60f9884c7
11dd3500-86cf-98cc-65eb-671c64c93e52
7d428a99-65d8-354d-e2d5-67cc32468667
fac41b05-faf8-69fc-4b6f-f65a7db1185d
31c221ce-f779-6a44-7f5a-aadd15ea9ecf
fa467e94-52a7-4a0e-4dde-a31f25b38db1
9f675694-261e-96a7-4528-26fea781ae81
f6bbf751-6546-14ac-fe99-602da32fc637
3add2796-7a83-1c23-d264-d1db06182962
37054cb4-e7d2-9a14-965e-3996eab9fd40
cd3aa1c9-4668-34df-51bb-dafd0eb6b558
2d56e0bb-7907-c54e-efba-5d0a025f333d
63a71dcc-7f74-c855-aa58-cb30d6f7263b
aec68457-d627-292c-8607-0ac426d1007d
13d542ec-77f7-afca-c79b-f1dfa57ebb0e
bdd9095f-30fa-d347-66d3-b3b48903247a
a0423394-7d53-a623-770b-5c740286aa9c
c86f7aac-466e-91a5-6ba9-3d7f50c5349d
8ab51dc6-e759-79c0-2ecc-8a5f34cb1bf8
1699d431-f1d7-6873-04f2-ce633b0b9173
53105395-e5be-fee4-bb8c-8c113563df76
b6a40211-4617-8563-5328-8b4c89c6bfdb
068ce733-9d35-cacb-6ba8-9d59b98ee68e
34f9142e-4b8c-39d8-b028-c7200defa9ba
172cb831-ace6-05a2-8966-eddb4f5fad24
f1ca9055-00ba-ea4a-bd9d-ae3fdecb8ce1
eaa6c6bb-6b82-15c2-e77b-05fb8d57e577
ffcc8d51-d067-c186-a843-42967c26a9bc
c99ded75-25ad-0fa8-22c9-e0f0f2a5ed07
fe7209d3-8b5d-d5a5-b06e-2cd7dc5efafb
79a9a32e-dbc1-57e3-3d44-62968a1ae3de
189a9763-d105-931d-ae6f-660ee0626f34
c9c43eb7-f69a-cbea-80ad-215c2c22135b
750ee7f4-56db-6abb-5478-044751b6177e
acf9eef2-490a-c3aa-757b-8a76ac1da155
e7058864-aadc-498d-bccf-cf7633a80a3a
3b4166eb-8926-8c0d-10aa-6f5a9c5ffd90
406ddf6a-6c04-46ab-facb-ea728cd98f01
80e90508-7948-765a-2862-f721d26bbe38
8bef7793-84e1-8618-4156-33f4a07b308d
853ca7f4-0ee9-7257-dcd8-f038b3766953
f9eb8644-17df-8661-cecd-9313c5dfa059
493c8c6b-5644-ad71-ef17-7f2c286373ec
ffaafb47-515f-6f84-9a75-39ca04333349
fc3ac0c3-55ec-2883-28a3-1de5f79c5411
e0144bef-311b-4a22-53aa-437a1af766c4
0982f777-645f-faff-e184-d64b46eeca9c
fac29541-7f79-bad8-9318-1e3b38a52dfb
7c5d78d6-15ac-2808-ae6d-8247a78a2b70
2448bba1-79d5-2b8d-8834-d54abb932315
5d7c2cbd-79ba-928f-c81f-989a119ff766
3189e4a0-9757-f5dd-c7bf-1922f233df1b
78830ae6-ee5e-2849-a1da-e19d056187c8
eebd4aca-8169-62bc-ad0d-ff3c5e70cfc1
523440d0-7508-a594-71c1-85ce08965b99
986491fd-5f2b-bd48-c849-0f9c4484d2d8
41df5127-79d4-b7a6-490d-d1c77d20dd9a
825762bc-0890-4b1e-f7fe-4ce54730a09e
47d87890-e834-e366-0d15-bcc465f97eb7
38ba1256-4947-b4f3-d8df-9e885d9d1453
e0dd778b-5283-f3b6-378d-bc8642f8b47b
b5fd0f49-8308-320e-f6f3-53879635a2a1
64ad94c2-cb52-c445-934c-84c18631f8a2
bdc75dfa-4b77-a8f0-156c-b5030b5c4ff1
f2d2233d-1dd7-7b85-9418-65788aee2400
9fa8be0e-7456-cc5c-89fd-248cdde07123
23894db0-53e6-c150-1eee-f70efe85f391
