10131470-95fb-3a17-0461-a63f8fc92482
a95fdd42-5210-ff53-b765-d0b8fbe4e8bf
9f397da0-51f7-1320-9312-c40a7a6308f3
806223ff-02b9-6d8f-25b4-47a5ea16987f
c67c2de7-7aec-0a46-7963-3f6b7767a5ff
f1180f10-feb4-1b36-b2e9-673fddd49d15
2ac3e10c-b603-00ee-ea23-58379fd41d77
a98d439e-57d0-f086-b203-24d34446a723
2fe80e67-510c-08a9-9a21-242467ad7c27
ed81071e-a690-a3a5-df0d-e9ccced157c0
f482ddfd-2678-5f7b-a700-0ca603c3c7ab
b4a6edde-a072-37ce-bb74-05868c1b9d28
05ed22e0-cad2-39f6-138a-dbe5abc10444
3085a8f3-f962-8cac-7f9d-4a688ad1bb97
958e4753-fb71-95fe-acaa-e7f4d004c487
e6754967-96e0-3179-4d0b-49b61dc58c8f
e778e4aa-aac6-f7af-00a1-2db851a1a3f4
84ae2cd1-07f9-b2c7-598e-fe7d022e85ea
f855e599-3c9e-c705-cecb-1c1d9d7b6e5b
b1157d35-b75e-a85b-861c-728a9160f69d
89d7ee42-81c8-6a73-e0d9-12260bf266fb
08dfb4c2-ab31-4984-6029-376490bdb6ae
614cde68-493b-5b69-b538-536b2bcea60c
65d68ec3-1d47-8f78-5af7-b87de02d77ee
9da11831-e170-dfb6-b562-8fd0d3d1fd0a
ee2053ef-d03d-1e4f-0dbb-0374f29fe72e
064f212c-6ba5-dce8-074d-624d58a36f28
d915a910-8699-026e-67c3-10641b110d4b
af749ab1-f8c8-6b19-2d48-168d4ab07fa7
c8149b7a-5c16-450d-37b4-fb45431c7e5f
0854396d-73f6-915e-7188-834b48d846b6
8245ea65-f6b9-cffc-71e2-c1e09b7c78b1
3fa0d8de-9ca6-ee66-5a85-506189bb0200
48b10f88-15ba-6726-5502-a9da0655398f
