2a247873-5ae8-2b4d-5a07-36872577d1dc
3c362baf-386a-2306-19de-8a212d27571e
6a588326-5ab4-5dbc-e6eb-2ee7240f1b32
8b5e1d83-c35a-e282-13c4-6658e8e169a9
0f127f9c-054a-1fff-beb0-e902ad982e42
c4829328-3e0d-e4db-6a06-a3f9bf7b2dd7
982a031a-3979-86dc-43c4-6cc3a2139aa2
b095d50c-a760-0357-368e-035be8444ec6
f0c95c4f-b45b-9013-b9bf-706bab460ff4
9f940326-b67e-2837-22c8-25d60f684e25
8a410fb6-9e96-caa8-261b-f9ef165cd2ac
e0911f68-a1c7-7834-393d-bea3ac52e7e3
2b24277e-5648-946d-427a-b5e950eab6c7
0209bd50-ed13-e5a4-4d52-7ce68831d958
e3f96179-372b-c6f3-193c-e84e911f97db
574156d5-9e24-261c-0f65-4bbb811e98d1
34d674a9-6592-b3f9-f0f0-2183a018af10
ccf1676e-bddb-b037-526c-77bd3b3df41b
647f8723-799d-7cdc-ebd9-6c82c2f132f2
04d366f3-0a93-50db-8b99-91a038e53d5e
9b069073-32ce-2f53-470a-5631bec6be13
b506a513-cc7c-4c3d-f018-f06e592d9a13
b1bb5d43-c8ef-b756-fa23-a747c36a2909
3837e4da-8697-d274-53c7-b0ea96a8607c
9719c9de-1050-b923-2ba7-dde48fb9b2ec
cac0b387-5741-aa83-1f82-efa67be686d8
5b007efa-e04e-0828-3b41-1b4db6d1b09b
