0210d4d7-393d-99a2-c04b-053f7816d213
022fda37-7f2e-67d5-f4fc-21a5526d0e07
1193fa20-7248-c8b3-dfad-0808cca2a5eb
124514f1-76d6-7386-6cf5-f4e31c70640e
12df8de8-6baf-c56f-6ee0-2ef98ce341fa
16bb8237-2b3c-4a84-09e4-47dd1dd37554
1a3b2430-2fac-3876-63e1-b4fd395ec4db
1c79e0b3-230a-30eb-83a9-6ae51e719237
2217bfb5-69ad-aecc-6f97-bde4060cab04
2334103e-9f33-7e01-baef-d740bb2226b3
240e8af3-e4c5-102b-ca56-90deb6524479
27480b1a-03c8-84ed-b156-a32d0ff86486
2a449b89-d5f2-40a2-aaa7-182752528d7a
2f6ac778-fb6a-11f6-9b63-9516cb396c2c
484e91c5-47d2-b9e7-dddc-36251db498c6
4d25ce85-1abe-0a04-e567-42ec61790348
5c085177-31bd-ec9a-b460-d52f7c284cef
629f7c20-a807-b69c-77f9-0afeaad4b620
694d1d0d-7c87-5136-f0b5-6f564ae89ddd
6a0f9058-40c3-b0c1-a74e-2c11b10e8453
6f567c29-21cc-7d0f-5ffe-8d4efd818d17
731969b0-2411-0d0b-77bb-b32100dbf484
74a09688-9759-09b0-9520-6ab14f0f73da
75051a90-00c5-c5ce-0b91-80fa8a7bc214
7a51100d-5419-806e-f3dd-1f739936f026
7c0bf8e4-7ada-17f7-149a-0b7bc07b82e3
80eaf3af-968f-94d2-07d7-2aee99d1925c
89bc3180-efcb-121b-dada-4c0aade740ac
91210140-9d1c-d018-c469-a32446b97268
a32fed32-318d-c73e-8528-3e307100fd59
a76b887c-14a3-5927-245a-1aa624372a36
a9042c31-2ca5-99a5-e86b-0b81384b21ff
a9e36e78-b5ca-a161-2e3f-ecc6e42657e9
a9f60acc-b5e0-df34-b332-46770ae9ed09
b4fcb26b-e006-5af9-126d-3481dba0f92a
b7134ab8-9411-c351-9545-517497ee5985
b75e9f3f-6c75-0d72-fac5-f5073d32d5ea
b9430c10-eae2-4906-5f0c-5de3d8724907
c1fc1be0-0c8a-d7c0-7afe-650d56425704
ce5f6f08-5380-ebe5-5b40-2e21b78846c2
d5d71c26-7560-c7b6-a682-747ee3031fc0
d9bf1624-7571-b5a7-a916-42a5304b7674
dbd0c913-3f0f-a117-767e-75ea2a3fcea9
dc01a6ba-e389-10ad-fb08-9096caaf3c1d
e2a9b127-e444-0cb3-3b12-d14c95870bf4
e395293e-9265-2deb-8ffa-9e8f8be37cd4
e80b7b27-09d8-1719-6f7e-4e2bd6eea055
e99a4990-5552-ac26-5627-789053a187bf
e9fef701-5a72-394c-d65d-e4a07a0ea644
ebd36230-8e97-09cb-7c99-3636eaf0206a
ec78a630-ee75-9d7a-c722-0c48363e2c41
f79b8347-8ed0-7da3-0481-1ca898975523
fcf33d1c-57bd-e616-2b32-9e54164688ab
