3d731803-cba5-5119-8062-7610914a11f3
e5e167cc-d478-686c-8619-92ccc236d6a9
b25ee267-1e53-fd5e-30e1-e0e2e4b670fc
90224f00-0cbf-98f3-dfe8-eddbdd01ee24
df7445f9-b7c4-0ab8-4759-17d263ea1eee
ba4a65d1-6a4a-7775-d086-4c96110d3d4e
5c7ab130-68d5-2bce-e939-6fafdd7e1565
db4a7f9d-283e-00f3-2912-0294b7532d63
62242cb8-e735-5f1b-666c-8a2edbd1a2f3
3dfcae40-740b-75c4-2ac2-70b698ed8844
daca8443-b1d0-7f99-e38e-43813fce2189
1d07940a-2e92-6466-1cd5-d77455e0ed62
846bded9-fe13-eccf-65bc-9a5e932896aa
f3563351-9236-620a-7b55-5ebbb00677bf
656d1de3-7481-bbde-62f3-ab2ec55d6184
10ef3577-6756-c3e9-b06a-c2391a8c2034
f62c569c-e8c7-77e2-1beb-324c641e85fb
5c0aac8a-550e-02bb-95a6-3a7b877366d5
6784f79b-c772-e7dd-30df-f22b9894d9e1
97f73a8c-2abf-acd9-5ee7-0cc383177340
1c653c15-f918-9d28-5a67-b2b0cd16f25d
98665312-d801-16e0-6eb5-116e86cf4ef9
4e1d5204-8f27-70db-08d5-dc0733b85a88
9e851a46-02d7-c4fc-ee06-de38b63d7f2d
473a3fca-5f76-fcb9-7fb5-45a012c0c80a
25bad23f-b31f-9f3a-c5b6-8a9061bfdb6a
1befdaac-9f9e-9c90-eb12-628c610b1781
a044fc9d-cf26-4dc1-3832-6197a51e5f9b
933f8d88-53cd-6fc8-f5bf-0b42a7f9dd58
8e42c32d-0f35-ff28-ce8c-07841d9d63cc
