191b206e-4287-8ef9-9d12-5938aa86de00
3aef20fd-f412-0bf5-710b-b3bdad862f07
c132d8cb-9983-816d-8420-9e8d8c96f153
8db652d3-e66e-a4f0-7e39-f8327f5db968
241bf0fe-913f-902c-4689-73f36757d36a
20e1c60e-181a-d95d-6778-fb7ba2aa416d
5199fe19-47b9-581e-d706-79b9c4119df6
55031b67-8729-3cde-abdb-b0acf0eba908
bfc0d57c-0e67-0e43-24b6-75e891ebe48e
c0970757-546d-4cf7-c82f-0737f615984a
5cd416f0-35a4-9b6f-4ffb-936e6e4228fd
6103d353-4a90-1591-d90a-1a4b9aafa329
6ec2fbb5-af53-de48-eeff-0a6dcfff2422
e9874dbb-c677-ad83-41b3-b5a507ef9192
9befa26d-51c4-3a6f-1790-6dce540f10cf
39d0e621-49d5-ec93-2614-167f49b43bf0
6702bfa9-f391-5f4a-0ca3-baa7b9833d7d
f7025abd-e497-10de-8123-d4f90060e074
fe235405-527d-95e9-f236-8d8419248383
3bdb63fe-b990-9d4a-4e52-f58357073e72
4ca35f26-7ea3-ef6f-6b1f-7811ab858202
ee5fb0cb-33d9-25a0-6781-f3758f5f1fdd
3064562e-1d27-17ad-321a-53d2aa53fbfd
f137ff16-fc3c-1860-ba01-fec9422b0d13
c72eabb3-29bb-b35e-1ec8-243aff07f1a1
3a0d4fcc-b7b9-cd0b-42c1-e6d1b4499df2
87411bb4-4fd4-5b98-d339-8c0cbc94b20f
71b0f29d-d233-cd56-3b16-239088399ec6
e1e2ff27-e5cc-c97f-2104-8021779297e5
9c23bf24-8d9d-0444-c8a7-baca994d57a2
9ad8c6e0-4a52-ed3d-a991-c44c9b5e5d93
99585c5d-e855-a8ca-07e9-61c5049f29e0
098be75f-7288-85d3-11fd-2a5f8fbd4220
b80baa09-df2c-e5d2-6175-718b5b063d8f
8d8105ec-3efb-c487-c300-746a52ca9e73
4cc732f8-d712-36b0-2f28-439de79c6ec5
27220f68-fea5-1c6f-a047-6e7db17de727
989185c7-9270-d7ab-123d-bd5e2cac9454
42e1a9fb-b81b-12c9-710b-418f74b5d51f
534499c8-d779-c6da-41f5-607a96845a56
21c74de9-1771-0af3-e50a-a35993db4ab5
017f9649-e2e5-a3c4-d76d-c99a1b9f63f2
b58c1a09-f9bd-5234-141e-25de845cfc68
74d04575-29b5-3777-4aa0-1aae6b3e992f
81be4270-74e7-48be-2cbe-d9672136c5c5
f4691fc5-162c-0f54-21e3-50213ff00d05
648fd572-6a19-5604-c7e6-e8ab18b7d5c0
be8031f3-65c8-ba2c-c939-6b4762052457
7b98708c-da74-490d-65f0-04a37157e387
5ddfab50-b721-d6b1-af27-6d45959554bd
7abbf4de-b906-858c-66a6-491e955033f5
84b0e2f9-27de-9134-f56e-29464ab1a279
