011c85ae-e539-0f3e-4f5e-f74365439525
0798f886-0dc6-ddee-081e-e433f6e9e73e
0b4dc9d2-f0c5-1a7f-f7f2-85e2352a5057
25400b63-4ac5-f855-5ea5-8b97d440b995
3b5df9fe-2dca-a39f-6bf2-fbd2edd6d579
3d01d402-83b2-52cf-e4eb-2a7a60b45670
4eb62fd3-f038-85ef-7764-7fae8463fd66
506371e5-50eb-972c-c6cc-c1e217e33fe1
5279d3ce-fb4a-13f5-6fb7-77903965a518
53bf069d-3652-7310-4972-00bf0fa6973b
610fa5b8-e479-14ad-87ea-3d793935f1e2
6674a921-bef4-05a5-e411-6dffb9284cb4
6d4e7b6f-1774-0e85-f955-669c35d2e6d9
709694c9-ab6c-f056-4a3b-135540a4018f
77300d03-9aca-c98f-2167-08ee6a772661
902fc295-c4a1-2415-d4e4-cc34e5d18359
93076d24-5385-0947-51d4-a00b55a69827
9475d121-49da-fb5d-546a-50d2db75e9a6
a31f36a9-9e1e-4679-50e0-5b6accc25260
a542aa04-2b64-c81f-7d0a-a5a71c2c8505
a75f69a1-469b-0bba-dbbd-1ecb353c13d2
ad005a5e-5d79-aff3-3a29-96330e65e644
add5fe74-0e49-fcce-0a45-01a0a68b691b
b69be2fa-99d4-0764-2bc3-239f91123a7f
b9aed68c-01a7-1d37-fb23-a22b3020b6d7
c77d7738-03f3-40a6-02d1-3c4efb46011a
cbe3925c-e320-7721-8c9d-aaa4d1842efa
d0e3870f-bac6-16ef-4e51-99f3c15c8f11
d27192a5-3b66-1254-aa71-03b05efdacc0
d86176b9-1b46-5a89-5a88-34966765d2d6
d9b6db3a-1cc3-cf0e-6fb5-4b7626be844e
de83356b-66a8-9211-1014-e414494e1d2b
e26acecb-b940-4cae-9fc6-b5bd26513926
e39b356a-2718-c310-05d0-0ec93524ecb7
f4e62653-0167-a8b1-0118-d7394487b8dd
f66faf75-cf42-5567-ce17-aa7fe52b3ce3
fc74a1b2-fd79-66d4-6dcf-6e0b52db2952
