1de48b87-f19c-2b17-ab3d-6563cab79722
588664f8-542f-9289-ba42-1de864e734d4
bea68026-54cb-bc93-8460-db3139d6bf20
c0d40c46-bf36-774d-5007-1cdbc3a30e53
15dc071a-9f85-4e80-320a-cb0611b62624
57d4f6ec-edf6-1ec7-f4a8-9dcdf0d92508
5f046c9e-3193-7b8b-80bc-f3f664a39d43
64cd55b9-8e67-4c3d-1825-61fa7bb82c2a
a8bff7d5-55eb-3751-e16b-9c84e466787d
f454e466-ff7b-14b6-265c-8ddbe8960629
688d7c48-91b3-b4e3-a8e0-70407e3c9486
2cdf7874-b272-ed1c-14de-0028e3c941a2
be540ba5-40b9-0260-d2b8-7e0c61102c92
96c3bc9f-2a69-4de6-bf96-f93a86ff040d
626b93be-f8be-469e-d7d8-d00830ef241b
09cfb972-a9f6-15ab-8bce-3664cadf5733
7c398b7f-1440-7510-662e-d9e7df2c4623
c7e4c6fd-f7dc-de37-f6bb-567fd7bb8597
fcb5a3f4-fb61-eed9-a9b1-16b9615e2963
9db7e7cc-b157-5f04-d466-96356e72ba25
17258f35-c6ca-caa0-3576-b07ee3fb2e9c
0251f473-0a51-7bb2-9d54-fe143694e397
c6305a6e-4bc6-6ada-3eb4-ed2ebf4348d4
64079270-611b-c598-54fc-ce6701d11242
fd7d69b0-d680-171a-74ce-79c8deffa608
0d5bf41d-0bf8-2328-ed04-c609cb6bfc14
ba03f4d5-a3cf-99d0-83dd-d271fc2648e6
c85ce953-4caf-b50e-632b-63e2e7702431
9de8317a-b94c-e6a6-acf8-eb027ffa0bbf
d5ac0da9-5347-1304-c2fd-14f44c514361
761df8ac-f835-a416-06b3-572a715dce8f
3f8d35c6-a2ca-f4fb-c988-71ea56511818
fc298c8d-44d0-6d0a-82ad-a32100350ad0
8d85e59e-9c73-18c5-19fe-c9c014d0a12f
fbb4abc9-0a46-3181-3808-4c52b2569475
26b84afa-2d0c-ae2b-1231-1536a6eadd16
21831aa7-0444-91fe-c15f-5af29956a3d9
efc5487e-99f1-5cd7-6c12-a26c05b5322c
7d6a09c1-f681-ab2c-4fd0-9cac7443ec2a
