8df67fdf-0189-5e2a-1ffd-c66f50e358f6
bb66cee7-ebef-458e-11ae-ed2adffc5965
b81f6915-7a7e-094f-6c56-2de12666c75b
f4005032-6b86-c899-a766-d36b5563ca2d
eb3f1acd-cea8-5ec5-87e4-4eb30404c36c
ff514093-3faf-258e-4637-bea8d08a4648
b5e58d50-f002-0d6f-66b6-ba9eec063ee4
22257278-2baa-376e-d0cf-5f42dd91b864
f671738a-6a96-858f-2a75-9cb966390c1d
ac65fa41-38c4-697f-4998-db174e6c8952
1c92dfbd-84ed-735b-b490-48de0e6d2d70
1df9e8d3-73c5-e295-1908-d6d54b95142f
e55e67be-2af5-32e4-8af5-e8ec22fdf4c2
f44b56b2-0457-5788-7a2b-c47623f459cc
baefd740-bb22-26b3-2e60-0178bdd79a39
97798826-db81-2309-8b5e-04a12d9fcf69
70c93db7-3f33-5672-6277-c55f86d8df6c
