c7ac803a-5d35-1c54-9364-a1a3b6ae7d48
d4bf3936-1fa2-c31b-a21c-e985d7c00ada
ebd4f36b-6dde-2962-a42f-a25519f6a498
740324f4-e88c-8bcf-d14e-c844277ede6a
47af32c7-4425-2f14-ff8e-52fd1a2e8274
bee55832-4e7d-d514-b648-1be9c911cfb9
8775c861-9cfe-6413-c563-e059fb52ef86
c45134d4-e89f-f677-b7b6-08c08b0ddbb2
30ca7870-99dd-e558-a688-59078b81e9b8
0f5813e0-e6cc-932f-565d-38097cc5b00b
0b99cae6-01ed-3737-4a54-9328868806e0
fe60625a-c85a-7e4c-60d0-be3c0e3558ea
47f11521-8d79-99eb-2afe-434d2dda3908
a4bd8653-b906-e84e-9bbd-ff9ff7f15840
c4c2f55e-0294-2376-3798-2a6c8f8a5ae6
da81d6ed-1ebc-cc64-fe2b-08f2b3183a9b
35ca8d3f-4388-f929-d8cf-75e5dc9d845b
5166d48d-c827-4b8a-ce8f-d3708bba8442
b4f69a56-e6eb-771f-463f-fcc911dc80a9
deadf672-ce92-cde8-585f-366fcb7a9d94
c2f47586-3767-10d3-3a4c-2b584e1c77c7
395b1b63-419e-dbcb-1fc0-59ee5428bc87
31d48b0e-4257-8496-0290-0963cd49726f
e85074a3-c9e0-c6e7-cfb7-d81f1c0a7185
4f3543e7-9c3a-2f32-c9ca-4ff95ffa025c
16b68f9e-dbb2-a6ae-031e-f007eb04e20d
67b7e59c-62e8-9609-86cf-8a713ebc963c
61970fa8-f7af-96de-2e9a-c742b035248c
ac1f7e6d-64ae-e431-08f3-bb357621eb20
ddee6ffe-74c9-443b-bb7e-9fe239d17731
37ad1f4e-c180-08b4-bafb-03f981f1d8d3
de399822-3065-15f1-bd35-20ae656d7620
595fa732-8b14-2e96-9a62-57b2038be5da
f53851d4-957d-5d5c-9a8f-a1724325630f
d954a4ae-4484-ce99-b01b-3acfc1575634
284d7177-acb1-4895-e912-7c87ec642e7b
1bde3d27-bb2f-12a8-4011-306464616baf
8bdb2ea8-8545-1c18-41f7-d17e46b77a02
1697a8c9-1c20-3841-9846-63fdaccf15e4
2ec66cae-afb0-3932-0aca-702333e0bea6
78ca2246-25c5-df5f-2a66-4954199d858e
f379f432-41da-f16c-4f42-7716f2a95bea
958a3a2d-d70f-80f1-95c9-9c62a01055db
2b55aa6d-9179-02c8-c3a0-460f4bac1e8d
dc0b482b-63a1-dce9-4f0e-670fc85e8452
68309bb8-514f-70ec-54c8-1740353c9de5
b4e52a81-bd67-894e-03aa-6a9b7490be94
94cd6325-e01f-cee7-1004-0c8469f3ae9e
e30a370e-cf13-e8a9-572e-d794127ede60
37139a0f-3c26-8071-bdcf-e76417a2b0b5
481b48d0-1b08-ca9c-9244-5d3806ec5b94
35248490-6312-e95e-f71c-52a3925893cb
5ab6a574-d29c-861c-bc34-3010d47b815b
e68949f5-7e5c-0dc6-54d0-580fe4f3ff1e
112353db-8629-bdd5-66e4-c2e440ba9604
eebd029f-aa7a-8a58-c343-06bd41e29155
d70f7178-efef-76a1-0b6a-b719cb869062
3890f0a2-3b62-73b1-cf15-affb6faef5bd
7113a25a-d227-e6e2-0ab2-d7a1fabda15d
ed9a2236-bb3e-e620-c2b6-2d88e5ce5fc2
1542005f-2f3e-36d7-70c4-1f9951454ef3
4c1def00-5d23-0fd8-4746-1e084de313bc
2a83aa8a-441f-a01d-0f7b-d5c2abd011f1
17a0574d-9702-37c0-d2dc-d288c4b58951
5e8554f5-04f9-c7d5-06a4-316fa012911d
e50badc4-ad81-8ef6-1e91-91aebf0b18d3
a1d465aa-5e3a-ba9c-f444-dcf7202abd93
8a31847c-1438-776f-a554-909e5556db67
4c6405e1-5b3d-2c12-bc05-99b5f8490c30
ff9ddbf6-627e-aa9f-8d7c-6ebe06672e1c
5a67e7f4-b2eb-047e-fbc9-4f494776c028
7aeb3b11-a52a-7b04-a158-58840de00129
4095779d-efa3-be47-aa94-4e0466b6942d
e7ff08e8-962e-84b7-2238-a28bc4d32395
32d31bc3-6154-86cf-afde-57b3d8a8e4b2
55279bef-bed0-189c-6e2d-2b422459c4e3
f3aa4a84-669a-0cc3-cee2-0b2c7ff716b1
dac8dd24-b17f-bd55-8de5-148b62d58310
4a86291e-cdca-54f9-2f02-4a2e8fcf9d94
d57bcf3e-4ca7-e29f-aeab-b4e9f4bc5608
a801c1e8-c090-d995-8cad-5fa4a347ede7
4d93e18f-625e-6850-26bd-ef3166b5e09f
be773fec-5d7d-d153-2f64-e1bf24d97a32
578de434-4699-f1eb-3b0e-472b55249e1d
15586adc-d2be-27ee-d8c5-11df1031d758
8af1be96-0a53-46b9-4a98-2ed907845879
5e87a3e9-6ea7-1eb7-326d-a5ba8cf06c1c
841979dc-efb3-56a2-1086-3162a55297f6
ae32e0a8-3af6-5c3d-2e8a-6fccb0d7d719
e59e00f6-4c2a-7943-0c33-d8c2b1c0f3d8
483132db-f979-cffa-cc06-6b3f0abf7dfe
4516ec57-dd37-b91e-0a43-77545c883b98
d0fe78be-e1ff-ec36-1a5f-37dadf46e71e
0f6fadbd-37bc-4691-c79a-502e4744374b
65d9ae38-e4b1-6da4-c8cd-d55e9650c7e1
4f68e6db-f05e-7755-cca6-3506268a5826
b1dd0f55-fef0-a5a4-2e19-0ad1f01f4a82
49616bd1-ac76-afe0-2dd2-879e84935108
9fe00902-8100-04f6-be71-c96cd6b969e3
c1e9bad4-5ede-3c52-1aa8-fa17584080d6
84914509-00e2-8976-7af5-ef0dae6cb5d0
ed049a56-0d67-7a96-c73a-79b8c7ff1a24
00c64ac1-060b-12b6-a691-488a4632a497
ac4fec9f-3350-9868-3253-8e9b619e68db
e9312dba-5109-6189-185f-bb5a87634109
4ca05cdc-cb5a-e8df-6563-648b3fe9d8b3
e58f01c6-253e-caa6-d7d6-487cf0d31813
93c55fd3-ec28-1240-0612-73430aa18cfd
5841bf09-a37c-d0af-419b-4025e74151fe
5d0a4939-cd94-6d49-7030-f70f883c1250
e46de506-f37d-07e7-36c0-a4f680cd62b9
50c130d9-511b-f6ed-d860-d52bc93a43a8
d2e94c25-4afb-9e18-8073-d9617b806829
e5fa10fa-5b77-0c86-d51a-5b26a74fc978
a8e2181a-e7bf-dce2-37e9-116ce75b4fca
cb55e692-efc4-9b6a-b8b0-3fedece01672
8a744305-b08c-9f19-7277-4bbc02103acc
20143dad-2d66-58ce-416a-e623c79ffd1c
3f42c92a-061d-d283-a58d-7f84d34fa2a2
2cd5691d-bad6-b49d-5d95-9a8457c5d340
b61deb4a-5645-007a-9337-72e2c31103a2
09e1000e-8123-9ffc-7489-b5ec54ef8ac6
539721fd-3558-7c81-fd26-71d1b0dddd73
2249a55e-7a05-1ea8-d8bb-b4cbc53f6756
a3a7b57f-c109-660b-fd66-e912ec230980
f8bb7693-2731-fdef-e02a-7806f6482cae
415c2a05-7c2b-923e-cca0-2297a953effa
777e0ce1-3687-3ed5-5df9-b6adf59c0d9d
ed2397c3-71fb-db2c-e6b1-41a5d8c2d3a4
f7013c43-78f9-bfb4-d8ad-299ef87c4b34
1ff07e45-4f12-e8c1-dfed-4a7532491b8a
1a9c6af1-3502-96ad-f321-70b94bb877dc
50ff1a4d-c552-b6dc-465e-b323fd14d8a7
0c0592ff-19bb-a31a-688b-bef58085c89a
57190d27-1488-341b-5faf-5881fda77fd0
0987e2f2-1b99-296e-c813-d9f32fb355f8
99099530-13b4-3f04-804a-a9642330a017
e1a05504-f568-1e98-3906-c382d634d654
8f6fb3a2-85db-9da2-bdc6-7e14bf577a70
8199d1fb-0768-1ea5-ac62-522df98e5b2f
2bd6ab4d-1d07-494e-e58c-5367b5f5b1e1
3c0d44fa-2b45-3d14-b6c4-95315c243766
abcf675c-d623-7f5f-9190-59ab9a2029c3
cda820a7-a8ca-f9ff-419c-2033509c45ca
47775013-ceea-cb37-0919-d62aa6b51fec
6862a734-416c-7153-f0bb-3701024b2671
b5f0d897-62a5-3a14-5fa1-0306d8a4e257
5e845bf1-118d-e4c7-10a3-ae8bd837928f
ab3b0bcc-06ed-29f4-213a-9bb7908a96e7
43435a21-aaac-dcd2-a843-16c2bf2bbf17
3cb85acf-3505-e383-2f5e-e5d1512dc461
bc30d1ec-42b4-7396-2615-bfa9b14b2ea4
ce9557ce-bdc5-818b-ee26-731d5768d850
d213ecbd-2f0d-04d4-cda6-9f818be6986f
79ec8b98-4474-03da-d63c-8533dc669ccd
876e6a30-27bf-3214-c38d-b46d8de5bfe5
4dd6c301-3436-e1b4-1b2a-208392572f71
e9aca0d9-269c-babe-a0a2-5be76b8ffdfe
c490fa53-07bc-cfd8-eec6-37ca002fa2d5
ae21dcc5-ae8b-9687-5c02-55a32e266214
7c894315-2cdb-0c50-aff8-7a2243864686
d9dcc5a1-d280-c98b-a97f-1a55a00bec7c
9833c711-9396-bb9e-aad5-7a187480b0b5
5d747513-77f1-fc9f-cfa4-0bc8172fe0fc
26c02c36-46a5-2061-5be0-48790ec67156
1e1fe7be-0e07-a010-3877-35d7e1ec5c81
000b214c-a34b-d6bc-ba9f-27274e041c70
77f27f37-23a2-d7eb-7ec4-1a2f5aedb7aa
708df791-120c-1cd0-0274-ad03153d2115
607df2b9-0199-34c8-29d0-e9ea00313a34
a45b72fa-b1f7-6a2d-87b3-5eafbec736f5
b3ad0d37-80f2-f0b0-3dd5-b188a218bd38
506e7eca-9a81-1f50-5249-bcc59f0fdabd
0174362c-e941-a056-b06c-d4fec2d49503
38111560-3129-9ad5-f2b6-0e2dec7df096
e8c36c55-a9d6-b321-89c2-2e0ddefebbd5
37d77f3a-b10a-672c-135e-6728c27ae1ca
0b90bf8f-6d2f-7213-89cf-df44f0cd7834
86e48795-27a8-687b-c14c-7078b4a1ce9a
e4c45b96-df56-b4e0-e4b5-083b87770e41
e794a78f-cd97-5672-57b8-ded42ab18c0f
95fd2429-b53b-759e-0e33-0945bb23976a
e3ed95de-4de5-8bbd-c2d1-72de8e7cb202
85e7d222-f454-d661-0e21-146bc3216cd8
e4bda190-db65-98e6-aed8-8764ab8d9cad
9bf56f71-048b-7b34-ef13-f49629947c07
f911e840-3f9f-e6c1-f7a0-c96b7c179bfb
57dbeb6e-23e6-3fbf-db86-d59e97637d2f
ebb8fc75-e964-109d-a2b9-9fc61ef6b7a6
ac756d2a-2456-0414-c0f5-45a795fee426
2ffd8fa9-d9ca-2a2e-0219-f7adb16cc2cf
3182d932-0c8c-84fa-9da8-2388c48830a0
9d902e80-736d-766d-9e19-6982cfb533b8
9e625733-c6a2-ae42-59b3-fc122d0f21ab
fbe061da-c89e-d496-de5e-5c651a72d205
293cd9c3-11ed-7ae5-4804-2064b66b911f
c9a0dafd-dd55-a07c-fd4f-3a1e37eec3f8
9c0139f0-6f17-c826-8dc2-d099a775470d
4ef75c69-1949-a845-f97d-d11d8c4a0ad4
6909e181-4196-1018-0149-358e99c623ec
15ae8904-a725-137f-0052-a40e34088a4d
d9b163bb-5e87-1411-8552-9f068463bc46
aae0ed52-d59a-fb9a-3ea4-bb279875da0c
e34c6627-287c-25ef-fe25-6dc13006c953
4ff22c4f-d97b-6f85-faf8-aa7107959640
8dc5b6b5-090b-57f6-86e4-2e85d5188d34
f6db4a49-b2ed-d6a0-fa08-416643f61bb0
29beaced-fedb-6d8a-e506-f8f9ed886da4
2300d5ba-bb9d-14bb-a8e0-ff5ca589710d
c1965826-32b3-d24d-7d3f-dec1ba5b34bd
1c01cb5b-a0a6-0221-814f-577f54eeab0e
08f134da-c9b2-00b3-409b-cdbc77b9a600
3515adc4-3ab4-727c-8220-0883f6e99bd7
eda22850-c9ce-5325-c108-201247d6bba9
73345a76-6f5b-e23f-b56d-f90706abf087
236f49b6-487c-5bde-d611-4ab2116f8b22
49918794-59eb-2063-655c-b613ef36cac5
a8f67988-ee82-b975-9787-32cfdbe550f9
2692e903-699e-58bc-4456-6eafb4d20040
d9a5861b-1ecd-f0b4-d5ce-a0bec3d1d446
cb569ecc-3d2f-3a4c-7506-0a1748aa5461
fd3e86f8-eb25-f47f-400b-a564b38c9145
c7351f31-0a07-e86e-18dd-1fac3501fa8c
34c46082-fea6-1f47-8d02-6222c3f0cbdd
d4f80f55-6616-4075-f530-09a5a04f15b4
cf91ea32-fa4b-8cad-935a-73878c5c7616
3898e13c-6705-2727-6c4b-34af8258c73b
48d9a796-2c9c-2a99-1a00-931e1690543e
85a6bb94-19ff-d562-ce6a-111504a1450d
08ea6d5a-bb34-6da4-85ab-e9bf0925af8e
2d332242-9256-0d28-19a8-d95b5fd67654
7aeddcd4-78e4-50b8-8d64-ed83cec4edf0
c64bbc0e-cf39-fc0e-7050-3f3fe04ce6ce
8719f01a-7a99-b0ed-b27f-1fbb554809b0
04e875db-6766-0511-8cc0-04942eb8b6eb
dbd7025b-585b-88f5-e252-aec59bc3d41b
ff278efb-b597-014c-9e07-8660f22791fd
eb59153a-73c0-a9f4-01c0-0fc3bfa68d76
2816f392-8add-cd89-74af-d68348cd6e95
987e4c70-f1bc-d34c-9c17-d17e74dbf890
3758952a-0b3c-49db-4310-177d04506b2d
5a9985e2-155d-f0e1-d04d-4f6431623ecb
692b8910-4ef7-fcc5-dc7e-e9174cb82d33
37073a57-c337-dbd6-da48-4c75d1eb76d1
079afeba-5905-1855-2cd3-6dd8389f30d9
7cb37cc2-eb7a-2e57-8448-f8f77ac2cc8c
64bdec68-943f-733a-7ddf-887d59b27ac9
779cfb83-b972-5e5a-3d34-4c88feb7e6b6
38b0766d-ec1a-04cf-0af6-4da720f5e132
84c90598-2579-a8e6-3211-aea952f72d7c
e207b5eb-4cf4-19ce-57f5-b1acb3e1dcec
329a45b7-7482-0abc-2e26-bb54a364e6f8
11dd64be-aede-897d-acf2-ba1b937d62ac
5c438e3b-0dd3-e69e-d022-2c89a6537a01
f8f8f572-cbd6-19a6-ed54-9bf84d25452d
85958dee-0178-7849-cad6-095d673641cb
daa0372d-5971-ec77-a7af-8369acfa4337
e252b9f5-870f-b4ee-c2a6-07acffd3f98b
926e3ac7-2d0f-1954-1d18-47e0b6f488bc
b68bcdde-c77e-33e7-519f-32271b4d50b4
92f0e40c-8c9e-394d-3dac-8087339b3b47
59a55a82-0e2e-c91e-5acf-0ea81e3fc908
cac060a0-10ec-fbe5-b5f4-5598d3a67dae
a7d933a6-2b4c-b676-875e-78fda9fc7330
4c0ecf56-ab56-14d7-612e-957c54218cbe
295f66a0-d487-d6a9-7cde-313371071c7c
8bf33dd6-09e3-9758-91d4-7cd6a0c5a547
9b746c1f-d59e-732e-85e1-e31610908663
68b2b799-6cbb-4efb-fcf1-1f3d424b30bb
07729a44-a42b-68e2-1036-9c2f85626333
4ca82941-9435-f6d1-cc6f-6565bed2098f
f77824e1-c5d3-34eb-9334-c2a814e7d674
77b492c4-e3c4-5522-47d6-5c89860031ea
96fa9230-fdc7-2d51-7104-2d7be4f2c4cb
e8044750-c2c3-a77a-8b72-ebc84acb5eb2
ecd2bfeb-d0f1-7a10-1407-328000fc6066
fb71beea-4b05-e56d-e17f-0ec6f56d2ac1
8385c7bb-5401-90f1-6427-0de1015ab22f
8d45a616-eedd-2399-9e29-a93c3fed87a3
be9a9ed0-f42f-a2cd-5d95-bf20efc478f3
392d8fdb-9c05-a951-6a48-8893e8e559f6
20baccfc-4467-76c0-512d-07655d41084c
f70b6b5d-9001-6c7e-8965-dcdcc85ecf28
799f56dc-edf6-cec8-0525-adb55480ce1c
b242fb77-fad6-d3dd-ce89-d2bd6da88d63
67942cab-1205-c78f-c31c-71318f171c19
4ea45127-d0d5-40d2-79f1-1feff3b0dda1
23f561d7-85b9-c0c2-8f98-2a90e0139a1d
22a9027d-9beb-5e4d-d0af-ff1d0e415241
eb618c6c-6feb-2c2e-6b49-ecf8917f3f1a
3b59029a-0af4-19c5-2311-dc57c6075c7a
a9c42600-189c-343c-0395-3978e688492a
ebe75671-e3eb-918d-c722-cfec1f464421
b6f808b8-cfcb-0e97-285b-86a0f3a08ae9
72c963cc-8373-582d-12fd-92bc0cda6ee5
257ed721-862f-83b2-2de2-0ad9bef09de3
d56c5022-a114-929c-df1a-ac2cff1ba84c
26891cd8-7a51-fc4d-7892-59654d34bb93
7121cb4b-8f7d-0b0c-f395-f6f3a913a1d1
e02eca3d-e41b-2c50-aa79-aec1ae6d69cf
7ea6d508-3c56-73de-efee-266c748afe97
72d3a2cd-1453-df71-d14e-6b7105397069
874d968d-eb56-ed94-33ac-5bfcca061b15
7a10c0dc-6f04-b870-18d0-63f4f49dbb3b
b243b646-6fb0-2fde-38a6-33d36c0fb71b
92467e90-4483-9097-02f4-a091edbde910
d4825fd9-051e-7cbe-8ecc-7cedd528c1dd
abf9926e-9bb0-7b39-231b-4e2c9d705676
6573153b-8af3-570d-91f9-f142cf7e9d7a
2ded027e-e942-cc63-a21b-2c4e63c262b5
9a1ded8a-9476-55c4-24ac-e5fdde745a5e
4de2873a-62ae-a1fe-2e8d-8d1f96b424be
1bb957c7-fdeb-aab7-26f9-0e56762a5abf
117d4cdb-8175-5a8b-26eb-4269059809be
0de4988e-9a35-9798-280e-21b73097266e
72ebea66-60f6-557a-1ebc-1ff7c1729312
ef21d1e0-09fa-fdd3-7048-9c381aec7408
f7235293-7a39-98bf-6710-43d269c502dd
ffe42b5e-fc75-1cba-eede-65afbd01297f
0cc11b1a-ae64-d707-06d1-e05a346642c4
9e0082f9-d8d0-078c-1d07-3ac3fe7e7a36
a6cb032c-0e4b-eae5-cfdf-abf1d440030c
c8416720-79f6-50f6-761c-a86412172acd
76671dea-6b4b-f046-ebde-43d36ecf0178
6b1c1af6-e3b9-bdac-3473-aec3baa81362
3b72318e-dcc1-2b8d-b8f4-3611bbaa9742
122d7a5f-b714-ebf7-d24f-178ac868e620
b3f5d770-f4e6-8267-6d69-4753e16f93ca
248c8679-b13c-c798-757e-3876341718a5
c442a2b4-bc2f-cc9c-916a-ce97ff405466
ded9df48-96bc-fe36-c220-000c3b238d16
f472ff9a-683f-cea9-84d0-492d9efbd854
b7e22a7f-6aca-70e6-fece-9408aa473a84
f2472fae-50d7-1046-a5a7-1a7f4be0db6d
339b8395-62bf-a9c3-6892-24622c16904d
8d47f1a3-c02b-7c39-255a-bd52400213d5
00e38ead-39d6-7f18-eff6-b6d59f59c868
a102f7b4-95d7-d837-dcb7-aa2ce46a16bb
4a6beb4c-8957-eb81-592c-a0b9b0587513
848f1de7-4e58-8466-4696-7dd9cfcf4777
762eb3f2-6420-3964-b315-1718682b24d5
1ad778df-a765-ea5a-aed1-0184026919f5
4220ba12-9024-9fea-444e-7d1d5a5ac34e
