033083ae-20d0-cdaf-3cce-45b0c3f2b092
085b2a00-d088-96dd-dec5-52089211df44
08a5d912-1c52-61d6-aee1-446089f60b0c
098879f1-646c-39d5-8ddb-63d7b67df93a
0a0b5fd9-cc2f-e878-d3ab-471a9a68af8e
0a268a21-6197-179b-7070-8db062a60a69
0b716d59-b0cd-427c-c32d-029754e7aefb
0d9a7ead-7ac4-0c9b-e67c-4dba6ce8097c
1331cf4e-9e16-23be-2111-6b2ee8e69617
14327167-f4c6-5b72-29c7-cd62d6f3852b
14e85be1-2434-531f-5c0c-a6a804e2444d
15182b35-db47-5046-1b68-94dd44b7c33e
1abbfeea-0c3b-0635-8e62-db2bb97fbc75
1c6282d5-7acd-eac0-b751-50a30c9d79fe
1ea03525-32f2-5d21-9680-db15b03a4964
1f52bb84-948d-234b-b7d2-44b1fdf3aab4
1fc1d1a1-dd6d-81a9-b0ec-f9b2e0b8313b
20360ce1-c0d3-4de6-c7e8-a910365da661
20f32f02-12f8-a1ac-6175-11c7813d2a75
230288b5-c379-ba43-1e42-13a9947d41b2
241fd044-7392-7269-e255-ebb05cef0dd5
24fd8103-dc63-01b8-d494-5eb7cb6cfed9
264f2f31-253d-0226-fe8b-0429b6cc5a2a
2b215c1e-30fa-6d60-be3a-8a68835976e0
30d8f523-7c20-8b00-d52d-7892b42c0cad
3314471a-4525-fb9c-c743-c787f663b8a7
35d8fbdb-5c85-b051-5cf5-cd985657b19b
3722d901-72d5-2c44-ba1d-594db7c47a38
378ac682-7e5f-9e77-9779-2442c64d8b9e
385b785c-0855-ac15-c782-44cc5f1e69f4
3c842bf3-530f-7e0f-470c-cb51bb9de3f5
3d88718d-930a-6942-f5be-008857c5e759
40c7692b-4c75-fdb8-313c-db1f3eddc53c
420659f5-2643-d697-7cbc-e1a7b3c31beb
426b9544-0918-3ec0-66cb-fad1e023138d
44bc9488-c794-5673-118c-d927dd618c24
465f1d8e-a8c4-e11d-7e82-b85798e6a81e
47087b24-7412-7e68-436d-d2f44e39069e
4b2789f7-2c68-2bc6-1203-5dd5c487bc08
4c35f60d-7193-26fe-2862-b194d4b57be6
510876d6-3abd-77f5-4ad7-a4a2dacb794b
51ed144d-9cba-2e61-a1ed-495964b1dab9
548b3a1d-b404-c995-6dff-eb95606aea08
5506b9e4-4d68-36e5-9f50-3a8943d63172
577e4466-46ff-5c71-7775-cd7828e63217
58c243d5-cc40-30b4-ae92-9115ecd4a74c
59396667-6347-664f-1339-69230be4eac7
5d1ffb06-c244-f235-3e02-473d1d989585
5fc9171b-ad96-01f0-f9c6-f61c8dc2959b
66c603ef-8812-3cbb-e20a-813755e8565d
6e50c940-e3ac-dc02-7276-2aa49d62ab97
7000e0d3-4a84-604b-f62f-e3b47df2fc32
7176692e-e856-e111-7992-06d0a19d5aa7
73015138-b6bc-76e8-81b2-e6b1ac044080
7322a279-90cd-0a4d-4dc6-097ea24afd87
76b26e4b-76e8-2a01-f27a-13442a90249a
78f4af76-e2e1-46e8-087f-5fd6e8108075
7ac06046-ae85-2389-5813-1527fe3420b9
8007f88a-61a9-f92c-6b9a-76dbda37856f
86af4d71-b48d-c5ea-0d0b-da5a926fb8e7
8ce7f290-8446-b5fa-1126-d022f6d26853
8e35340c-5b71-ed71-82e0-f8872256220a
92f052ac-c1a4-2dc1-fcf0-e8ef2f493d80
9684f3e5-5ac1-b590-f73b-9b9bd6b3cce9
970fb97a-a02c-1c61-7b28-baee6a4480a2
9bad78ac-cd05-1a87-29bf-4221fb922a7e
a0f963f6-377f-1e16-2cae-294addbecfef
a25a865d-9d23-a3a8-2a49-5787f4af94be
a5dcc495-cb8c-931b-d471-6bd6a0e92647
a65d3c9c-5180-7798-d4c6-7bd8cd57aa37
a69096ea-3547-6ae6-4806-52ba56d4abe0
a969202d-7025-ecfa-cd61-1ed97480b5dc
b062453d-f455-29f7-3811-ccc0a1856263
b076aee0-4142-fe37-d001-c07a22802103
b1105f20-6d58-189d-90fe-cf4477b67dcd
b84b033d-cc6a-2380-6b38-419d7f62987c
bbc5a5ea-9335-125f-db3f-7868907f9464
c148266f-18de-196f-62c4-3d21300b387d
c3d7dadc-9a9d-e0d3-a340-8dff2477ce6f
c3ebdf67-30d8-4b1f-e5c9-18a47730c589
c4319a0a-53dd-a2f0-bd5d-4577c02ee153
c50f57fa-2b7a-5ea7-39ac-31a36c7259f4
c6368ef9-a0a6-7ab9-f59c-7092206a2052
c86e1db1-f8ee-56b3-8ab2-8d35e3042fdc
c885c739-91be-66ed-7763-8e95e38ae723
c8a86678-f37d-6e01-d9d2-1f62696531e8
cb28a3f9-47d8-5714-7750-b4270182dbe4
cd4f722f-8c66-b5dc-73a3-c74187f28a99
d15d3955-a7e5-cb73-d589-e26c5dc46890
d20ace56-baa7-4308-911d-e23c27bc5fea
d471f74c-db0e-881c-20d3-4d3362f27413
d4d276f5-663c-edbd-1c54-8b0f18a0c59f
d5332d5b-f0bb-c834-c7fa-5cbda48aef53
d5958b95-70a5-0389-360c-ead0f0b248e9
d5d57764-bb6c-987e-9452-6bf44028cf4b
d64bdd3a-8a84-9cea-393f-a5148ad77f6a
d725c233-f9f6-cd90-6033-7b8b0370dd18
d77060f4-2a61-003c-6c44-eeed7fdf8ed9
d77da27b-bfe1-883a-1173-63081e115f00
db835b52-9ddf-357d-3d92-4cd8b194f58d
dc0c2ce0-7fd7-37e4-8434-fde8474b57ef
dcd849d8-5170-f597-4817-5e2efa39c107
dd0c7db4-d1a8-1b92-071a-002490cb4359
de150707-8f78-057a-f62c-6b5f93ce5f9b
de323ace-f66a-92b5-051a-2660cda0fa18
ecc617b5-c8f2-f0ed-47db-88b159927499
f357efa7-a226-7eec-1d21-a54c09a7b80e
f46fd0e7-54f0-19b5-d906-451d924a044a
f8fe5ef5-3094-a630-68f8-4941a0691194
fcfb9ff1-58dc-7155-eabc-73f9625ee2e9
