7c55399e-e128-38c1-8347-635d74d5a462
44020de7-1c7f-49bf-370c-fc45381b1138
0042f277-b0f3-b44e-55d8-1a45990e59d9
c0a51c21-cf18-b345-0190-aaeb70c5d879
3e43c63d-5138-d771-6e4d-43fa91c28f6b
e9430667-1acb-847e-0169-f4ae4792c31e
9b86c61a-e2bc-b719-ce7c-0d904286cbdd
dba13b4d-a248-eb3c-0746-2130b23b5020
b51c1408-5628-6b3a-5874-1e702a696457
b4b2369e-7b1b-fd0c-d397-69de3805e1d7
afde3ea3-7a76-b907-a27d-2957fabd118b
a590703d-abce-5f78-a272-38dafe352da0
94723cab-69c5-22f8-0a77-ebc4e35eaf5b
c334b058-8a5d-a476-b2cb-ee6595ec82cf
0cc5920b-4a9d-3c2a-5bc4-ce869f0523f4
74544cd6-025c-e14f-4567-7a4c59fdac54
4be85764-b750-5b40-16b5-d1d4e19cdf79
017882f1-7c56-89cc-077d-f8623c9f1953
5c25d7b0-6587-bcec-2b64-fddf38d26424
cc4bc36f-449a-47e6-5531-03f3d872dba1
c988798b-87a7-a863-41dd-1c2a38547478
809cfa88-45d5-6079-8664-3bdcde0a0d01
f343c185-5522-eb83-122b-54324b700e87
91d7129b-6290-c544-dd2e-d2539786bd87
