5471766a-c671-5439-af25-bbc711eede0f
b4d8a3ce-858d-b94e-0222-e0c84ceac82c
fa919911-9308-2abb-47e1-a9e14a28de41
7eba5731-0169-944e-7821-083a0f5e9269
a3bbb20e-f2ef-4709-6cc5-3e6577f473f7
249974fa-ca56-ca03-0349-b40504c38b47
addaebd1-b42b-e839-ee1a-bda1f3d973c3
f75a9b67-3be2-1b5f-8b5a-d8634fa5b1f5
99a35338-1858-2b13-48a7-81c7179a6d1c
113884a5-3283-b0d8-e23f-11f71aec8d30
8f712ac2-c1c1-0059-fd32-079919e4bc35
24cc6281-2ca2-942e-a859-1fdce636a528
6cf7cd80-9864-3735-e7d3-6d52c4e9a4a3
858b4396-a305-cc0f-007f-3ceff18b8ad2
684e8958-3206-dfff-5ab1-70edf76143c3
0df5e9e9-1dd7-2389-fead-2254d84a1274
173efaad-e2c9-109c-05bc-28095d50a279
f426c0f1-284a-5853-1282-5717ecdc1316
2e176d92-4035-819b-fa1c-a142bd44dc4f
7b62d7a4-5399-7dee-6bfb-8e53633d255d
31d42ce6-3609-192e-c47d-13503b829029
e13b9b75-4b37-0d02-127f-43f537c42cc8
b35712b1-f2bd-992d-7f59-c7bf421f9221
5d62e7a7-1045-c007-0aba-919170009eb8
3a86d825-2709-cb05-e9cc-01a4c96aab23
49d10554-060f-f32e-8958-b242d82dc706
300d630e-bc56-9e32-4433-ffedc436d5a1
720e7c0d-b134-5106-5aa0-b4baf0509ee0
3eca3d91-1a01-40a1-c276-792ea3866047
50788028-43d7-0680-dbdc-26ad0a48372b
3e6c0e7b-8975-47ab-3ec0-07f33aa36fd8
24f08e59-4dea-3bbe-aa1c-6243ea659cf6
e946ae58-07dd-05df-751a-3223a43cf21a
424f8ee9-511e-cb4e-59a0-c0b5aa22f6bd
2603bcc6-49cf-561f-5bd3-1afac89310b8
02aa46a5-d2bf-18c9-f05c-07a4e761684c
