0ee5d498-b797-662a-8eef-59e22f295bb5
435a5c2a-d726-87f6-9077-429bcaa54cb2
54d314ba-4236-a09d-a7be-58f87979366b
6ee9cd55-6c24-c06d-ab07-541b4d1e7d79
78841fd4-b47a-81eb-f896-3fc9b38062fe
882ed32d-fc30-6a3f-3f03-1838289935a1
b00904c0-4bcb-5b52-a667-28ef847fdbfa
bccf1e38-3259-6a16-e671-a0b71e4cf8dc
d865e254-55eb-f332-f824-7713c784741d
e68b4f16-d8f7-e901-e44e-ac1e6aad89a4
eead67cd-a510-a106-3f15-de0eab53879b
f5437a8a-b8f2-3dce-f33f-ecf71ea2b9b5
f8e49905-9cb2-29de-d896-9839b437627b
fb74cb45-2ae0-3422-36dc-9bf1367a5752
