44376f80-25a7-4bee-75ba-d55a353db87c
30634d9a-f5c0-c0b3-88f1-379d6e4f3756
7fbe7f34-6444-d19b-dc44-4820e897aca6
10b0ced4-ce0e-3656-3e64-c483ebb9a89b
4aa795ea-8454-01be-0014-7654147c95f2
16e16c25-b1bf-d1b6-aa42-0a2cffe97270
b46a383f-6f87-e54b-8ec0-086d2d839399
2c674fe1-aa39-84f2-f68b-de18753aa354
ef18f806-7e15-2626-105e-37454a15ac62
07947ed0-7202-54be-3f0d-bfdeda48c8d5
bfd212c7-5aab-c379-8557-8317eb6b33b1
ac21cb15-6ef5-0e58-09c0-f811493445ee
5f3ae8a0-0d0c-f221-9b95-e41540f1c318
b0d7d43f-fbe2-8fed-2506-39f1f4f957fe
1d8049d4-b301-9f97-cd20-c4889fcc2f46
fca96b34-b36d-4e7c-717f-8c08da1a0b3f
8992e41a-6eaa-746e-bd5b-5dc2a899d818
602bdf5c-e1bf-875e-6ebf-118c82feb31b
d9d14156-ae18-ebbb-3f90-fd7e9c682046
334e72da-d941-3f50-6d56-ff65051599a5
70b22bc2-be1f-76c1-9196-aeace9b3002a
04f318c2-eecd-b84a-a8be-38cdc6d2f7c4
081b267b-80a0-a39b-58a8-d81aee2f5195
01ce48ce-c74b-1e74-6a26-75c56ca2b3ce
31b668f7-325f-07b9-6dbc-a9c60226b054
efc2133f-be34-5747-2f4f-8273c7296b05
05bf0c5c-9b18-c659-c97f-cd6ebf4d8595
ccbc67b9-211d-3fd8-46f2-564351b9d44e
1549c446-07d8-49d8-dd5b-aa5d776a11d5
0d3795d0-5bfc-ecb0-545c-0732f82b0419
713d8296-4fd6-43f9-842e-95ec59c9b903
75f9e42a-d643-71e3-20c1-007864597732
b47af94f-922c-d731-9b8d-f8d9610a67aa
f23bf6d4-93e0-3e87-496e-b2220a2f4405
2eca420c-2540-e7e0-bd6c-9f606be8bf0b
a1bea12a-4725-0fd3-9195-924f89561f81
e91ca54c-61b1-183d-5336-ff0a0705a3db
db836002-7912-2191-7c68-71d0f342ea00
b06de4b6-f625-cccf-bacf-ddb0c9ff95c7
7ee8d619-d34b-033c-69dc-5e2c002baffa
d354dffd-5b8b-661a-d3b5-7f21e67af5b0
20567d13-b05c-31b9-13d1-c8b82a52076a
c6457820-d040-d537-a155-d0dc7e420b08
b006c082-efed-ec26-7dd9-692f0d83e1bd
ed8695d8-7ad7-ca93-82c4-c90cd19cb398
afa2c5dc-9c3c-e5fc-585b-957a00d9991c
3a70ace6-b92d-24c7-5b7d-7baaaea7e7a4
9734bb0d-27b0-3e2d-77b4-4d9245f346da
bc169ccc-0d7f-2049-303b-fa67f0328fa9
705a7a7f-0c23-886c-b3a8-1ecb514e3dd8
f4845877-9d5e-b79f-7b16-37d966a34d18
4d5c2143-6c03-e766-0121-0627a8005a59
61031999-93a9-96ea-e0cd-8944f14a0102
a664f845-e703-0a8b-30f4-293f9faefa02
daee3883-3236-14fa-351f-0ffe74b9cb91
7a80a3d9-249f-410c-5fb4-5b36325a22c4
67d3181c-9dc6-c800-3b6c-f7223ab28213
2f2d3489-5a85-e5fa-c6ed-c8452ada6df7
259d15df-c589-d560-d19c-6b8775077bc8
efd1f987-dae2-1d56-685f-6e19ac801028
4b6a11d6-81ae-0653-dd29-dffcad336d45
4e28ffe7-6b1c-3d29-20b5-0388fb86d5ba
8b856a4f-2d2c-4ee7-3eb9-2a34a86f99d3
2962dc40-0a16-3f28-db76-ea93cddb2b3a
ff47e95a-0db4-a6d3-3db3-7d89515dce10
57fd510c-2e01-710c-a399-2033d34dc16e
14ac8542-f892-7a74-77d6-7904e74025cc
3d13ce8c-ca9b-2713-8390-5a843d3170ef
696de06c-2bbc-fd96-25bc-ab0f3dfd6595
2f5c4c26-6f92-acf3-9c3b-fb170a14036f
6a166206-0d35-ed1d-e362-6a40e8d76825
b851226b-8070-2ec8-1842-95bbdd0f8184
d6bc6ab2-fcd3-fc15-5a8b-a8c37be87c9f
5cad9a0e-6bb4-6583-29c8-89212bdec059
dd1835b9-9a10-b9f1-7de6-71750a52c68d
350e42b9-ca65-6345-9a57-86e3e84aad74
d4b134f7-5d74-203a-8c42-a121ea47bf6f
bbc5ce6d-c3c0-34c8-0d56-d3955b205396
1e10cb24-1aff-3b1b-244a-e14598b3fb22
93fc8007-a45a-c070-6b5e-4ab73a779fc6
6fd3ce0e-ad73-3aec-7db0-8a97f7bc427f
40a0c3de-5f2e-96f7-dd0a-500bbdbf44ce
184d7f4c-814e-b877-75e2-3c6b13809574
7d5dba74-2a8d-bb93-f9f5-a3b5aa5e3ae7
8377e172-865c-adc2-1e52-ba787366acda
13bce8b4-3560-5651-6c2d-eef70467ff9e
d707fe2d-a49d-061d-4d36-f9af3ddcd09f
52cfa17c-43ca-17f1-caa8-3a75b6e1303b
7bfc4b2d-f18d-2b18-6833-bd2a8de9d123
c9611531-776c-6d8e-7eec-a5c6b8035546
d3105819-bfba-b558-6ffe-fed7b6908f05
ce5d5488-dcf8-0406-594f-a0ec6e7203d8
0f5db95f-fdde-f0ac-0c83-a861e5e6e410
7477401f-3e32-d690-b02f-9631cb88c2c9
a64b8d1a-9a70-1d5e-1768-328c27beb219
e2d12166-2ba9-134c-d035-79b840ae7d6c
24acef56-e288-b326-5f3b-dc49e4c61e38
fefdea05-1f1d-e360-ddd6-62cffd69fbc7
4c16d4ea-1485-faba-7143-10af84544585
96ad9b7a-5418-3f9c-b328-09c2faa232ff
24ecad5d-9884-1a5b-8dfe-8e49160c62a9
8ef7d724-1a7e-f604-9a61-8bcdbad556ef
a1fd48c3-2c83-8068-f179-2eaa1a6b0034
e8547645-dfe5-0d7f-0800-514c5a76737c
98d0d60e-7bc3-a632-f505-1da8c9a0f66e
cb3d0668-7363-a145-8709-27fb9e900f8a
eb3a162c-bca9-3567-c849-aaa13071dea5
7141c770-0f44-3ae2-4d08-ddcab304a0ff
b25c0a6a-9dfa-8fdf-7191-ccacb9393fa5
b95ee793-a92c-0c9d-0d40-5fa8f1035a3a
e929d93e-0252-b684-2009-7dd7d5e27942
49389564-e8b3-06aa-f07d-7efebdb465cf
89f81471-0cac-abbd-1717-3678c6454466
5a8ec8e3-9c63-e629-444d-d3721b281b41
29aaa253-15f2-8f4c-18b2-291e296b3ffc
abe5f071-40df-b858-3f32-04dbc1d37f0e
2e0d3672-18a1-5f3a-539c-30e0e72e2e55
5d4ac8d6-329e-68b0-3a8e-254b3259fa72
d35ad6fd-aa84-54b7-8ac1-88d6f6c9d3cd
df3accbb-c032-1996-241b-67ac25f57786
940c3ce6-1ebc-17dd-283b-0cfd4ec6837e
627dea57-8ecc-99a0-9d60-a487ee4ed5ae
10843de1-1465-c439-5d76-c1108380575c
4814445c-f609-087a-cab1-0d8a178c515d
f9881509-9fa4-9d01-76c0-6b307cdd8401
104713c4-64b7-5678-b861-048f9a6672e0
cf560448-7f53-1bc6-5650-6c2f0a1f8dd8
43d6e94b-0494-4a5f-3c5a-a4f074e45236
cf5a3c4d-0507-56e4-7618-fc11c00f7991
7b835b2c-6abe-57a6-0d01-80260cb23eda
55057007-e034-dda1-c9d5-1c4dcce96f7e
b7236ebe-af0a-f598-25ad-49a8f234e93c
aa9dd115-0244-7e54-8a80-c22192f0ed48
81ee9a97-c88f-1872-dd8a-da45257f8527
7cdbea6a-d677-70e8-033c-cb36bcb4c126
