4055e43f-95f8-f809-7e50-8da233da1828
ae65d297-591b-5ed2-7e06-2a9575b83e36
a43ce941-3d27-bef1-5002-97c9a783b188
0cf50a83-b897-dfd0-26e7-00a1fbff2946
53e8176a-3692-17a3-ac1c-892d58bcda48
69ecf4e2-2058-5d5e-f2a7-57da1a3210f5
be739c4a-411b-bec3-f807-261511612e0a
5583c21e-9667-2607-52dc-543455494418
01d86466-826e-5451-4d86-5bc0419ebc5a
d03413e1-ffc9-bc85-859f-6be521202d23
b725e691-7cb5-6c52-36b5-a20afe957644
23d5c543-99e7-fc74-5700-60df6ff53f0d
d30bd29a-9557-452d-5adb-49f0286fc466
bef6207a-32a3-e2ed-9d35-3e6dac379d65
d0d95db9-25e9-c2f7-b4b3-452136f7bb31
e8e0309c-f0d4-09ce-7bf5-fcf5b1429335
acce0344-26c4-ce1d-73c5-e7457c091036
7322d390-1344-029a-d8d8-a9b1cb011e4a
0b65ff3f-f628-d66b-e458-6d35ba72bc1e
86b76dbb-f9f6-8c8f-9afe-32f47bbe79a6
dde27b98-a374-bbe2-01dc-a99bd4ab0cca
6e5c74cd-a522-3234-753f-efda8450bde4
68b3e227-818f-39d5-4dfe-340dba8a4ef2
b90920f5-bd54-e044-3c1d-475bad98c63e
0f870169-4d0f-19f5-2b60-9be672a91e2f
940e2157-3722-a0a4-6a23-3d367a114fed
0d84c299-574a-5dc5-cf9a-c63f98eb359d
82b9af63-e4f8-f53f-9f72-b677eddb46fb
4c34f9fc-0e9e-a373-61d3-c91a55db5249
1bf097b8-883d-2e88-396d-86a33ac15f76
bcd06415-97ba-03d9-b64c-40449622f9a8
c4595e31-cdb4-2194-45e3-d650ca51a4e4
2f944683-2427-b352-dc10-d9c98966c15d
96632a71-0625-01f8-7eed-ed2e632eabcc
d6c02414-d48f-e414-fcb2-1706ce9adbf1
d4137ac0-0006-3eff-99bd-1cfeb1ffb6dc
ae5a3ab3-2b3c-a86c-8574-2ce0751354a2
