07a97a21-a4d5-fa96-635c-3f1a5fc4ecdf
09038dab-7141-609c-ca70-54159caee9ec
0ebf1ea7-f79d-076c-02aa-27b6df642107
2e94088b-c10c-b4d5-4416-383f811eefeb
430b6b3c-d263-30ca-ea05-1af40aff02b6
445dcedd-f481-efef-924d-d280a7a072da
4e598b94-a60a-c316-3cd2-1f943a66be47
58b0c022-f999-756e-dd9b-011ca56bb389
5a17c413-b21d-3df1-d13e-c5b959f41bf6
5c4f1056-e8f6-fca4-1b1e-421b1dfa8a03
697b3b7d-d868-e032-43a4-f2c3556ddfb8
6a51cfb7-1771-5bba-ebe2-8a324ddd21c6
852a466d-d43c-e689-9a45-a9126629f38e
8e39f112-761a-2c18-22e9-d8641dbe383a
8fabac2d-c389-a20f-71fd-43342aa88a3e
9100b949-24f8-c913-2a6a-7bc397bf808c
96e1115f-115c-0b00-228f-91257d1ee411
ae353db8-edcd-3c46-81bb-7a7647f8b3dd
ae7cce72-d1e8-6598-0d8c-ff7aae44404e
c1b61208-2848-c2e3-5006-a24860f8e69b
c75ecd59-5733-fa11-30c3-7acf9b915478
c88f2ceb-f1c3-1d9e-4a11-3f993c11832d
cae48532-b533-d9c7-c383-8f6555ee88b9
f13b7484-9bc1-63bd-fd85-013e89c2eec3
