1defe78c-b867-df20-033f-02eeb4182847
64542f1a-ead6-94cc-794e-072424fa4313
a5da5ced-2bfb-c218-e086-5a898ff390f7
6a8b280e-5a6e-783f-59fc-b1fba4c0153c
9a01debb-ff7b-bad1-fef8-fef5e658614f
bd2cf269-acbc-ba39-ffdb-94ca48b82198
04dd3ee3-10b8-be2e-33d2-0884221ed051
d7bfdd62-fd91-b5c3-b89a-e4a49accb8c6
7a2b7436-2079-b587-728e-7770452cac0c
5ff6e0b8-b17c-34ef-0d6d-a3b651dff13d
22f2cf31-5656-da18-67c7-e31a5c9685b0
4d45c456-a209-e1f5-5fca-225749ded663
44c826f1-d28a-a54f-c4ed-24238437584f
283630b6-9285-a0b7-d2f9-c922319f932a
40df7c7a-891c-2a02-fdd4-d750ce8c47df
f8f46380-05e0-3b90-30af-58f8fe493fe0
5b231fee-7c45-538b-8f77-0a5710a2b16f
e1e42bd9-1c09-53dd-4019-2ada5612ad49
5f14297d-b9de-8ead-9ae8-957b541985a7
7071a52c-f553-eeba-f05e-34e8d090aa4d
fa30dc8c-9d76-e32f-b695-7a9a60e479f2
e5ea8cd5-4fdd-bb44-6493-0a555c911b5d
7cff60c6-326a-964f-3110-d298512a9e39
4f507705-9be0-c33b-21b9-214aa4106559
c6a8abfe-65fd-853c-86a4-976eaacf7851
57895c98-087f-1fe0-f013-483f91768ba5
173ab3be-decb-bb8e-cf36-46a23de72ca6
76dc27fe-3e2a-5746-9fb6-76f1037c05f5
a3c92202-463e-12e2-7a8d-a23bc6ad2c89
b8d671a3-4532-c885-2385-96b313c7c534
ea0265c9-0cf5-458a-700c-8e6ff7e3d7a9
5b60b865-d9a0-aa3f-3957-d28bbb21f0f0
6f8fe0f8-698b-4437-c930-f4776a58be57
f06724d7-8007-4582-db76-988e8b6ba760
e45eb9e2-0e1e-e8f1-a480-8c20bd61bd9f
edc25a73-9fac-6b49-e8aa-5e98c68958ba
fc2f0ae5-b425-3f36-e9fc-352386abfa9c
d5fea505-25fe-5082-d9ba-cac8e07833a6
4b632666-6695-b9e8-09df-9020fa3505bc
0c4a09d4-75bb-3f9b-0170-7097c2f6008d
fa99332a-f125-590e-faa5-3a9d3bcaf66c
bd3935a9-ceb2-8d64-3b7a-b5832c99a870
e084d10a-7015-d3cc-9607-82d07459170f
158d8336-154a-420e-e804-9e676bc669f7
9d789edb-4ab2-2d2d-c621-08a2af5c3187
cb88b3ae-9ed4-6671-de1d-1a9d88ef0cf7
4e0be93e-55d8-f06a-8e71-074dd99bce1e
6ce7fdd0-09f5-b35e-4ea6-81ac5831a27c
6c0f7e7c-9441-d682-6721-f87906ba794d
99d50bc3-2283-5649-c570-3b16ee23a696
22bea549-e5ad-f841-31c7-66b48968de68
80e804e0-fdff-dbfb-4276-554db088a996
559e5052-5415-2e28-2dca-d39bfb5dba1f
964e0ea3-ce9f-01f6-2b77-bcfc9cb2c605
37ea9681-9161-1143-993b-ebcd9126c3b8
2d0ec321-fdd5-ec38-16da-3e21f663b2bd
d6a5ae73-91c4-128f-4e68-5bb471addcb1
cb458e38-1436-e37d-b35d-6b646a59703d
07c3ca8c-1983-c8f7-f78f-7b60821bfa6f
0f750930-b5a8-d33e-d135-ee3aa01121c7
4270c9ed-6a7a-38bf-e256-1e0a427cfc6e
32c7a100-8b47-608c-0715-5cd36ac3ca44
e1d56e56-8e2b-7385-168d-db3fa1444f0a
f40c003c-6abd-6160-30b9-a3f8dc8ab437
11a312e2-4a3b-2035-d381-ce7faf4a0d1c
98a2d17a-3bac-a77b-93e4-1d147fe10daa
85adf02d-081d-b9a7-936e-7d55572eb599
833ff560-2a17-ac44-5a5a-5e135814ea50
8393bccc-d86c-9315-99cc-e5c301cc4115
a9e42fd7-a603-294e-7304-4f4092534080
b8be027e-eb3f-beec-714b-e76e6a20d5ea
ecf5480c-74bc-5608-941c-60e270008a8f
efc3269d-1e43-1b65-6eaf-07bed22922b0
124dbbcb-bba9-3bed-775d-7d5b54035bac
f1dab398-106c-0a04-c179-3d88e04ccac8
90ed008d-49f7-e77f-8a95-25bf887b01bd
ee5fcc82-0d32-abd4-c5d2-0ce8fc71a174
7d217b90-bbf3-a98e-db4b-422e1f144e27
eb325c54-7439-a372-350e-d8586f080fe0
428edf90-c4ca-660e-45a3-79842822e5ca
ca1beab4-26e0-d157-e170-6dca4bc1724c
d0f55f8d-f15e-0ff4-5ba8-7a232b3b5246
d32d410f-70a4-7f1a-4237-2fd0757e81ab
d4d2e832-50be-df0d-d6c9-9d7d2e4b1d5f
2f445ab8-eb1c-cb1c-2558-d075284a1079
3e34d54a-d1e2-7b82-3aaf-00123f6265d8
809df459-85be-3cfd-99b3-226438fe5c3b
903220b4-5aad-bf27-3222-989c15fb89cf
d0a93cf8-ff62-16a8-4178-a486fc3898f0
2d1a894f-0c50-6e74-ae3c-cf49d8071afa
5048a3bf-ae5e-cddb-f0d2-9229ad1a064b
ee227ad4-da23-83c4-ca80-bbc8d3d4385f
88e2e421-27b9-c276-8f74-518d2b24c56e
70d52eb2-2603-44f7-bf31-72a3280495e9
b0b8f2af-7299-2af7-09dd-c7004d732058
c36eaf14-8736-3ea3-829a-a8c42f15086f
07fb2770-ba56-d3ff-a7a7-8503395bc77c
c24f169f-e405-07aa-2c96-d69ef94f4f17
8b1bca6f-d670-766c-9ec7-5f865ca4d8be
6e0e0a86-b062-9eee-5a4c-e2f66d1743f0
fc71a52b-fead-72af-af45-bd77f438ba09
02a8495d-1bb3-77cc-7da2-6a9eccd3b5f3
9222e96a-1432-fa4d-f0a0-f3197a130a56
54656c8f-fba0-179b-a63c-38c782474137
74f86019-deca-a32d-995a-e7b582e7bb8c
df57921d-a651-47cc-5d41-84ac33ea75d7
4dc3fdb5-70df-524f-4451-94398c24ddc9
731adb19-c831-d9d1-016c-3fb971d71a35
8933be0b-f019-86fb-c657-fb931e701f22
37f17ef2-0ebd-7a34-cc9d-2a786152eecc
c8117475-53fa-48ab-420e-730306731910
31166554-e89a-19c8-03a6-f43d28e97de8
b73c28f6-e4ef-bbd1-1283-1858eaf3ebea
3fc19e9b-8ea0-f024-1eac-ac680b03babe
7ed75107-06fc-ed0d-a12a-7cc90b4ed72d
bf362fd2-a5af-80c4-2bd8-d00af882c194
4a8c8ae0-e515-1bbf-d9d7-48d28327481f
66dda6c3-27fd-a202-994f-b168f8ecf66c
9228e4aa-4bd9-efe9-a9de-3e60d78adc30
d03a7d3e-cea7-2760-3621-e5214efe7825
3b8936bf-3578-c93d-fde9-b803013b8468
47df4bd5-f5a8-3817-2499-b7ff7f5dd6b6
8ad6756a-90f8-51cd-54f4-b74f18aed9a2
b082b11d-97cd-d31e-2e54-354770642ea1
cb7a9cfb-aaff-0403-bc8c-a7267792c775
5b9226e8-b799-9327-1b47-df839c23dcc1
d758996c-0ded-4fc5-21df-3ec9b8065cdc
f18661b1-be07-2218-95d5-f865f5819afe
24e26dce-834f-3d32-695e-9d41cebd7f5f
b373454a-867b-6342-86c9-2fe6b637f4f5
4ee77095-7f5a-256a-037b-42a743f0a77b
7fd97158-124a-9f99-ed7d-912061097355
00f2c195-b027-d4db-3664-b30ce3eefb20
05e528ee-e222-5812-f119-e1755a137c8c
57d6bbbb-8f70-dfd1-970f-d45d84eef8b7
ac73c6c9-3bc9-40c5-93fb-8060beebb1c7
60d47241-37f9-46fc-1315-8faa4e37a524
dc07cdde-b772-8882-cd61-50add7865843
49e99ab9-ec5a-af42-108c-ded0542fd1e4
32561f18-5124-f60c-7501-78c87c645b2c
f7b8d19d-ba59-339d-123f-ec91c341419c
dc3f122d-8f51-5e1a-7fe6-ae4ccea7b4b4
ea7503d4-e8be-e0cd-d86d-13867c3e134f
95093091-645e-192d-7983-b39eb31476e8
f9256d4a-f701-3679-a4ae-9c1f5874d03b
4d5aa769-96ed-9882-3fb8-359d6477e73e
4714fea1-98ec-a4b1-c98b-91c38dc3c0a2
a57bab27-477f-b0d9-1379-c02f2ee63b6f
7e133caf-3949-b201-cf10-fb2e23d5d0eb
76ef4ab1-39cf-e7a4-9521-2f6187239469
cd4c2fca-b307-2a33-e96a-8c2883e1e604
9e288287-9be8-7ff0-b283-8ad3907e9b26
3347d462-30d8-281a-7357-01b86c587b57
48509171-a97a-6781-d5df-25a2eddf09fa
aeec0222-81ad-3563-70d0-c6fd45634b61
b380387b-71fe-839f-2cdc-904eb2e02b2e
56abc027-01da-58d5-bf3a-1166cca7d7ad
37fca8a4-c931-2dcd-c01d-dd0ad403b5d3
