00f8c2a3-7f82-e24b-79da-dfadc24f1515
0620a22b-d784-c3cf-914a-0158522271bc
0a79de86-c2ef-0db6-4f0e-519b4995a665
0d2665ed-623d-141c-332b-67cfa86dc50e
1187d81b-d518-fb56-00a8-b9d4534f9ee2
1d10ebff-ad6d-fa53-f094-9ee5f2439695
2c9c1a22-208a-eca8-f7d7-f50d09911b2d
2e096be4-6167-825d-f911-b135b8ade253
2e740292-a825-b18d-a377-edadc8b2d282
30a0e6a4-dcb3-fac3-2fce-f530adde4cc3
3a81c3d5-9b47-f0d9-c92c-2735b906c469
3dcc141a-bf67-560a-1ef8-ef6f0d631f38
3e630c9a-9ffb-65e0-b904-d5d07fbc9b1b
3f902d55-ec9f-8b8b-3a64-48aa6d10030a
428340e3-fd27-5a18-385a-babdb16a7ec8
4c5ca9eb-cc90-ba96-a469-eec83b513f2d
4fe8769a-649d-d2ef-1514-d1930d14bf4d
53c60675-e2ad-c54a-b07e-19b76ce6391d
5c545649-2ae7-1df8-26e5-3de85ec51b28
5f68fdca-9b00-b3ee-1c2d-b8d0d04d25c2
6a28fc87-299e-7747-eacc-d42d58ffb448
6d5b7ed2-3057-39a0-1908-bf6c151d0360
70f6fd41-3cf4-98f6-b3dc-143234156c79
769715e4-1532-d793-eb0c-bf4f6300a247
76e745b5-c842-f9e7-99d7-d393efd6aa8d
787a0e0f-4751-0c7e-7595-df0a94570a46
7d399008-6f37-ae6c-404a-c6555fa00c55
7d52e03e-0f01-b928-a63b-00b2211951b2
948d7453-0066-1863-dae2-0396295b1b4b
98d015a6-165a-dc0c-ed32-f2884a4fdaa5
998e09a8-509d-0a68-e878-4086842f82c4
9b7b10ac-fbe9-a401-3914-c32ef521f924
a2fd3b7d-e07d-4d0a-ba70-a505d59388e3
b172704f-19b4-eaf1-1060-92f6f0fadb2f
b644e1ba-5bd4-2411-1787-f3598b48b2c6
b74fe8c6-dac8-03eb-dff1-d6f3caea5c17
bcbeb390-b701-959e-7c65-2466f9472a5b
be999226-e8d6-0c89-1b90-b65342a40cae
c99d5ce6-17d0-a9e5-2238-09143b423601
ca81fe2e-4803-1b37-c15e-bca8313ab60b
d17428ec-50ae-e64b-e293-0a44ad92ca9f
d1bcd0b3-ab37-7199-af3d-d035e0e0c096
d5893ebb-f8da-c72e-69e3-540e71a1ce81
da24face-b25c-3267-a52e-034788932679
dfa7fc7e-c1c7-fdc1-6451-17697dd38cfb
e5e10f80-35a3-b3c4-3105-1d5bbfecba4f
e7d8c7e0-c4dc-decc-77be-40ed36e655b7
eb719f59-1de0-a18d-55ba-936dae8edd6c
ebd350b5-8807-c4b2-c06b-bc292e5ee81e
eefc2d08-9cb7-3b68-aabf-8adc48981337
f80c4e8a-bb93-5ba5-003b-e411a32784e7
